    unsorted:	 2.315261962e-06 5.902739637e-05 9.534906446e-05 0.001099944562 4.215734066 1.891387966 7.446375181 10.38554890 13.42559915 59.78768604 158.0614747 135.4435618 222.5183488 251.1685966 460.1697938 502.7757688 628.9136349 781.0291721 809.0327880 877.6145465 895.9388149 918.6748228 1028.909404 1187.330784 1241.081853 1381.557563 1479.972321 1602.235012 1731.783571 1788.190800 2062.560879 2119.094767 2426.261829 2409.508339 2323.968579 2493.413963 2695.327089 2743.098329 2905.193159 3015.991628 3441.948465 3563.974335 3987.287438 10163.98469 41326.95585 163551.1248 383830.3948 387724.1317 375835.1951 354641.0526 357784.6018 396304.3825 424751.2303 450641.0760 443875.3775 457447.2692 314704.1690 605238.0885 612360.1261 651645.0847 694067.1887 702605.1182 979165.2064 1046239.922 1133014.089 1185801.265 1506777.762 1650970.421 1817146.509 2295310.518 2436506.792 2469754.991 2732206.854 2932014.744 3289649.277 41859303.02
      sorted:	 2.315261962e-06 5.902739637e-05 9.534906446e-05 0.001099944562 1.891387966 4.215734066 7.446375181 10.38554890 13.42559915 59.78768604 135.4435618 158.0614747 222.5183488 251.1685966 460.1697938 502.7757688 628.9136349 781.0291721 809.0327880 877.6145465 895.9388149 918.6748228 1028.909404 1187.330784 1241.081853 1381.557563 1479.972321 1602.235012 1731.783571 1788.190800 2062.560879 2119.094767 2323.968579 2409.508339 2426.261829 2493.413963 2695.327089 2743.098329 2905.193159 3015.991628 3441.948465 3563.974335 3987.287438 10163.98469 41326.95585 163551.1248 314704.1690 354641.0526 357784.6018 375835.1951 383830.3948 387724.1317 396304.3825 424751.2303 443875.3775 450641.0760 457447.2692 605238.0885 612360.1261 651645.0847 694067.1887 702605.1182 979165.2064 1046239.922 1133014.089 1185801.265 1506777.762 1650970.421 1817146.509 2295310.518 2436506.792 2469754.991 2732206.854 2932014.744 3289649.277 41859303.02
