years
 1991 1992 1993 1994 1995 1996 1997 1998 1999 2000 2001 2002 2003 2004 2005 2006 2007 2008 2009 2010 2011 2012 2013 2014 2015 2016 2017 2018 2019 2020
reclasobs
 0 0 0 0 0 0 0 0 0 252601 567819 844713 477998 351125 339783 2.1784e+06 2.13404e+06 4.81314e+06 1.55562e+06 2.62356e+06 3.21686e+06 3.843e+06 1.13348e+06 3.07943e+06 1.97215e+06 2.03268e+06 2.025e+06 2.42433e+06 2.27542e+06 1.05018e+06
reclaspred
 3.17421e+06 1.77761e+06 897989 875866 860282 1.37003e+06 854604 756770 557010 411484 489702 633664 623725 483042 485114 1.28627e+06 1.23761e+06 2.81448e+06 2.33015e+06 1.78561e+06 3.13913e+06 2.51589e+06 1.98765e+06 3.04795e+06 2.28523e+06 2.01541e+06 2.41325e+06 2.56027e+06 2.08237e+06 1.29811e+06
pelacesobs
 0 0 0 0 0 0 0 0 0 0 0 0 0 0 0 552880 188675 0 991730 2.46772e+06 1.41603e+06 1.21717e+06 2.29649e+06 1.80582e+06 0 1.4828e+06 1.56532e+06 1.57751e+06 1.42118e+06 867257
pelacespred
 1.69488e+06 1.0557e+06 533704 424588 435560 714855 410374 452900 320141 224217 276310 299457 324148 264325 272582 601443 580022 1.51993e+06 1.29888e+06 922039 1.57078e+06 1.3728e+06 1.07948e+06 1.80856e+06 1.30783e+06 1.14944e+06 1.56888e+06 1.6433e+06 1.09981e+06 779539
mphobs
 0 0 0 0 0 0 0 0 0 0 0 498337 0 5186 125008 0 168611 109162 213762 579715 649985 157893 87575 83554 0 0 0 0 0 0
mphpred
 481424 321577 160078 87071 92432.9 103564 137094 84220.2 75096 52158.4 35059.6 58266.6 62836.4 53067.9 35683.8 44826 148688 140349 280621 213156 235513 287410 268986 220649 305933 251772 206750 223339 310677 208539
desembarqueobs
 494567 514787 250237 358949 120608 361735 552515 73892 212993 205616 52469 317467 293654 387597 252695 516296 358380 742168 942051 627588 828172 859565 418607 520667 417249 300574 407403 355545 319650 289779
desembarquepred
 494574 513568 250822 358978 120613 361746 552552 73896.2 213039 205657 52471.4 317528 293702 387630 252690 516261 358406 742081 941868 627462 828227 859564 418611 520685 417245 300573 407400 355530 319642 289787
Reclutas
 198158 112190 111599 180165 144533 253251 104515 47374.6 45742.3 61707.8 115246 150601 125258 87072.4 86654.3 477306 98984.9 735768 425652 345379 485035 643073 134542 400343 336623 150594 343937 380551 105484 80978.2
log_desv_Rt
 0.126569 -0.442303 -0.447585 0.0313759 -0.188985 0.371886 -0.513166 -1.30441 -1.33947 -1.04009 -0.415423 -0.147865 -0.332123 -0.695756 -0.700569 1.00566 -0.567528 1.43842 0.891126 0.682147 1.02172 1.30376 -0.260621 0.829827 0.656467 -0.147911 0.677964 0.779124 -0.503937 -0.768316
SSB
 3.21274e+06 2.14602e+06 1.06826e+06 581060 616842 691124 914882 562035 501146 348074 233967 388837 419333 354143 238133 299142 992257 936607 1.8727e+06 1.42248e+06 1.57167e+06 1.918e+06 1.79506e+06 1.47248e+06 2.04161e+06 1.68018e+06 1.37972e+06 1.49043e+06 2.07327e+06 1.39166e+06
BT
 4.32614e+06 2.94242e+06 1.48013e+06 1.28103e+06 1.09969e+06 1.95715e+06 1.44107e+06 1.10927e+06 949624 715324 682396 956624 1.0143e+06 1.01294e+06 882206 1.80522e+06 1.61737e+06 4.16036e+06 3.90026e+06 2.68666e+06 4.29232e+06 3.97067e+06 2.85424e+06 4.65474e+06 3.40053e+06 2.91664e+06 4.03308e+06 4.14496e+06 2.80012e+06 2.08027e+06
Ftot
 0.131848 0.240252 0.234584 0.361793 0.123844 0.240404 0.533692 0.0859565 0.332956 0.43112 0.100952 0.442244 0.414015 0.693859 0.477169 0.384093 0.247858 0.248563 0.353067 0.309862 0.236995 0.304008 0.180025 0.158203 0.160018 0.129784 0.15551 0.1291 0.128809 0.189744
BD_Bspro_t
 0.979125 0.848066 0.690098 0.600348 0.585128 0.658031 0.649174 0.483128 0.540955 0.500258 0.471474 0.679368 0.565748 0.476285 0.367591 0.423937 0.60224 0.575743 0.673065 0.579955 0.558541 0.604011 0.616633 0.608836 0.710524 0.718181 0.72497 0.762755 0.805852 0.738995
BD_Bspro
 2.58494 1.72666 0.859515 0.467515 0.496305 0.556072 0.736105 0.452208 0.403217 0.280057 0.188247 0.312854 0.337391 0.28494 0.191599 0.240687 0.79836 0.753585 1.50675 1.14451 1.26455 1.54321 1.44428 1.18474 1.64266 1.35185 1.11011 1.19919 1.66814 1.11972
BD_Bo
 1.65116 1.10293 0.549026 0.298631 0.317021 0.355198 0.470196 0.288854 0.25756 0.17889 0.120246 0.19984 0.215513 0.182009 0.122386 0.153742 0.509963 0.481362 0.962457 0.73107 0.807748 0.985744 0.922555 0.756771 1.04927 0.863513 0.709098 0.765997 1.06554 0.715235
BD_Brms
 10.3124 6.8884 3.42897 1.86512 1.97997 2.21841 2.93664 1.80405 1.60861 1.11727 0.751 1.24811 1.346 1.13675 0.764371 0.960202 3.185 3.00637 6.01108 4.56594 5.04483 6.15651 5.76186 4.72645 6.55327 5.39312 4.42871 4.78407 6.6549 4.46703
Sel_flota
 0.804727 1 1 1 1
 0.804727 1 1 1 1
 0.804727 1 1 1 1
 0.804727 1 1 1 1
 0.804727 1 1 1 1
 0.804727 1 1 1 1
 0.804727 1 1 1 1
 0.804727 1 1 1 1
 0.804727 1 1 1 1
 0.804727 1 1 1 1
 0.804727 1 1 1 1
 0.804727 1 1 1 1
 0.804727 1 1 1 1
 0.804727 1 1 1 1
 0.804727 1 1 1 1
 0.804727 1 1 1 1
 0.804727 1 1 1 1
 0.804727 1 1 1 1
 0.804727 1 1 1 1
 0.804727 1 1 1 1
 0.804727 1 1 1 1
 0.804727 1 1 1 1
 0.804727 1 1 1 1
 0.804727 1 1 1 1
 0.804727 1 1 1 1
 0.804727 1 1 1 1
 0.804727 1 1 1 1
 0.804727 1 1 1 1
 0.804727 1 1 1 1
 0.804727 1 1 1 1
Sel_reclas
 1 1 1 1 1
 1 1 1 1 1
 1 1 1 1 1
 1 1 1 1 1
 1 1 1 1 1
 1 1 1 1 1
 1 1 1 1 1
 1 1 1 1 1
 1 1 1 1 1
 1 1 1 1 1
 1 1 1 1 1
 1 1 1 1 1
 1 1 1 1 1
 1 1 1 1 1
 1 1 1 1 1
 1 1 1 1 1
 1 1 1 1 1
 1 1 1 1 1
 1 1 1 1 1
 1 1 1 1 1
 1 1 1 1 1
 1 1 1 1 1
 1 1 1 1 1
 1 1 1 1 1
 1 1 1 1 1
 1 1 1 1 1
 1 1 1 1 1
 1 1 1 1 1
 1 1 1 1 1
 1 1 1 1 1
Sel_pelaces
 1 1 1 1 1
 1 1 1 1 1
 1 1 1 1 1
 1 1 1 1 1
 1 1 1 1 1
 1 1 1 1 1
 1 1 1 1 1
 1 1 1 1 1
 1 1 1 1 1
 1 1 1 1 1
 1 1 1 1 1
 1 1 1 1 1
 1 1 1 1 1
 1 1 1 1 1
 1 1 1 1 1
 1 1 1 1 1
 1 1 1 1 1
 1 1 1 1 1
 1 1 1 1 1
 1 1 1 1 1
 1 1 1 1 1
 1 1 1 1 1
 1 1 1 1 1
 1 1 1 1 1
 1 1 1 1 1
 1 1 1 1 1
 1 1 1 1 1
 1 1 1 1 1
 1 1 1 1 1
 1 1 1 1 1
pf_obs 
 0.8446 0.082 0.0669 0.0065 0
 0.8095 0.147 0.0364 0.0071 0
 0.9664 0.0169 0.016 0.0007 0
 0.9276 0.0648 0.0075 0.0001 0
 0.7033 0.2144 0.0806 0.0017 0
 0.9318 0.0425 0.0243 0.0014 0
 0.5671 0.3108 0.0964 0.0239 0.0018
 0.0768 0.2599 0.5324 0.112 0.0189
 0.490249 0.384438 0.106611 0.0170017 0.00170017
 0.7925 0.1577 0.0466 0.003 0.0002
 0.840416 0.127587 0.0312969 0.00059994 9.999e-05
 0.8084 0.0986 0.0794 0.0134 0.0002
 0.7335 0.1905 0.0724 0.0035 0.0001
 0.4001 0.4547 0.1325 0.0127 0
 0.49795 0.308269 0.164784 0.0264974 0.00249975
 0.9179 0.0499 0.0305 0.0017 0
 0.2467 0.6533 0.0926 0.0074 0
 0.9418 0.0223 0.034 0.0019 0
 0.707729 0.231977 0.0356964 0.0245975 0
 0.517169 0.277429 0.184464 0.0207286 0.00020938
 0.811772 0.124168 0.05621 0.00726502 0.000585176
 0.764997 0.148141 0.077277 0.00933861 0.000247198
 0.163321 0.427699 0.378323 0.0303852 0.000271297
 0.753843 0.0900009 0.118128 0.0371064 0.000921714
 0.721811 0.176058 0.0630433 0.0369309 0.00215725
 0.143369 0.312575 0.442814 0.0836902 0.0175525
 0.692698 0.0596174 0.167031 0.0765114 0.00414204
 0.394062 0.376323 0.152708 0.0712218 0.00568511
 0.125707 0.32114 0.495352 0.0537591 0.00404204
 0.23352 0.215282 0.420074 0.123614 0.00750983
pf_pred 
 0.444832 0.12462 0.406015 0.0245328 7.8208e-07
 0.413645 0.294776 0.0654514 0.213243 0.0128853
 0.560433 0.208412 0.116207 0.0258024 0.0891447
 0.730949 0.166688 0.0485338 0.0270616 0.0267682
 0.648768 0.273595 0.0480991 0.0140048 0.015533
 0.751157 0.174079 0.0582382 0.0102385 0.0062875
 0.475113 0.416842 0.075583 0.0252864 0.0071754
 0.455538 0.296956 0.196558 0.0356405 0.0153071
 0.543258 0.233943 0.121517 0.0804337 0.0208483
 0.707168 0.177425 0.0591113 0.0307043 0.0255914
 0.815699 0.139994 0.0268453 0.00894385 0.00851783
 0.730998 0.228022 0.0311287 0.00596923 0.00388272
 0.676621 0.252469 0.0601074 0.00820565 0.00259701
 0.620223 0.278007 0.0794536 0.0189162 0.00339967
 0.730842 0.185314 0.0613763 0.0175412 0.00492673
 0.934352 0.051293 0.00988306 0.00327329 0.00119824
 0.374121 0.593804 0.0250613 0.00482877 0.00218475
 0.897644 0.0443531 0.0550303 0.00232253 0.000649972
 0.5932 0.37351 0.0144255 0.0178982 0.000966787
 0.612323 0.253508 0.123189 0.00475776 0.00622196
 0.729218 0.181585 0.0583274 0.0283435 0.00252622
 0.735731 0.204756 0.0399093 0.0128194 0.00678463
 0.316753 0.534253 0.11544 0.0225006 0.0110526
 0.738351 0.0969103 0.128814 0.0278339 0.00809005
 0.623059 0.294487 0.0305396 0.0405936 0.0113208
 0.43214 0.384233 0.143459 0.0148773 0.0252901
 0.733337 0.130606 0.0920606 0.0343722 0.00962395
 0.682814 0.246377 0.0346806 0.0244455 0.0116826
 0.331879 0.48829 0.139686 0.0196625 0.0204831
 0.421406 0.222868 0.259979 0.0743725 0.0213746
pobs_RECLAS
 0 0 0 0 0
 0 0 0 0 0
 0 0 0 0 0
 0 0 0 0 0
 0 0 0 0 0
 0 0 0 0 0
 0 0 0 0 0
 0 0 0 0 0
 0 0 0 0 0
 0 0 0 0 0
 0.991045 0.00858322 0.000360255 1.14367e-05 0
 0.934742 0.0480273 0.0164251 0.00080598 0
 0.827803 0.169806 0.00239088 0 0
 0.941827 0.0461693 0.0120037 0 0
 0.791401 0.0380133 0.147996 0.0225897 0
 0.846168 0.0940531 0.0597789 0 0
 0.134021 0.677848 0.182769 0.00536245 0
 0.80878 0.0450904 0.141981 0.00414843 0
 0.846168 0.0940531 0.0597789 0 0
 0.905697 0.0802665 0.012482 0.00150086 5.37128e-05
 0.989698 0.0102097 9.19794e-05 0 0
 0.975433 0.0193895 0.00387452 0.00125025 5.28907e-05
 0.303575 0.632131 0.0575291 0.00676475 0
 0.966965 0.00978017 0.0227588 0.000495775 0
 0.843318 0.132988 0.00938335 0.0141283 0.000182051
 0.564624 0.303363 0.111486 0.0197234 0.00080311
 0.826376 0.0876187 0.0782897 0.00655872 0.00115652
 0.89761 0.0855135 0.0140674 0.00269457 0.000114338
 0.34875 0.467042 0.161289 0.0227151 0.000203297
 0.318654 0.224769 0.449479 0.00709798 0
ppred_RECLAS
 0.499507 0.112346 0.366029 0.0221167 7.05057e-07
 0.468287 0.267306 0.059352 0.193371 0.0116845
 0.614126 0.182955 0.102013 0.0226506 0.0782558
 0.772816 0.140749 0.0409813 0.0228505 0.0226027
 0.697005 0.23602 0.0414933 0.0120814 0.0133997
 0.790293 0.146701 0.0490791 0.0086283 0.00529866
 0.532464 0.371296 0.0673245 0.0225235 0.00639139
 0.510102 0.267196 0.17686 0.0320688 0.0137731
 0.598104 0.20585 0.106925 0.0707751 0.0183448
 0.751825 0.150368 0.0500969 0.026022 0.0216887
 0.84638 0.116689 0.0223763 0.00745496 0.00709986
 0.77324 0.192215 0.0262405 0.00503187 0.00327301
 0.724025 0.21546 0.0512963 0.0070028 0.00221632
 0.673783 0.2388 0.0682483 0.0162484 0.00292022
 0.773275 0.156099 0.0517003 0.0147758 0.00415002
 0.946898 0.0414906 0.00799435 0.00264774 0.000969254
 0.42739 0.543265 0.0229283 0.00441779 0.0019988
 0.916323 0.0362592 0.0449879 0.0018987 0.00053136
 0.646074 0.324962 0.0125506 0.0155719 0.000841128
 0.663877 0.219796 0.106807 0.00412506 0.00539455
 0.770738 0.153742 0.049384 0.0239975 0.00213887
 0.77683 0.172912 0.0337026 0.0108257 0.00572948
 0.366294 0.495516 0.10707 0.0208691 0.0102512
 0.778604 0.0820014 0.108997 0.0235519 0.00684546
 0.673206 0.25531 0.0264767 0.0351932 0.00981471
 0.486613 0.347375 0.129698 0.0134502 0.0228641
 0.774116 0.110633 0.0779826 0.029116 0.00815224
 0.728353 0.211004 0.0297014 0.0209358 0.0100053
 0.382215 0.451502 0.129162 0.0181811 0.0189399
 0.475964 0.201853 0.235464 0.0673596 0.0193591
pobs_PELACES
 0 0 0 0 0
 0 0 0 0 0
 0 0 0 0 0
 0 0 0 0 0
 0 0 0 0 0
 0 0 0 0 0
 0 0 0 0 0
 0 0 0 0 0
 0 0 0 0 0
 0 0 0 0 0
 0 0 0 0 0
 0 0 0 0 0
 0 0 0 0 0
 0 0 0 0 0
 0 0 0 0 0
 0 0 0 0 0
 0.505614 0.472636 0.0217494 0 0
 0 0 0 0 0
 0.443492 0.261883 0.143347 0.151278 0
 0.227955 0.32914 0.350689 0.0885471 0.00366901
 0.970185 0.0296113 0.000203453 0 0
 0.997202 0.00247181 0.000326279 0 0
 0.445219 0.490057 0.0546422 0.010081 0
 0.90214 0.0892962 0.00764917 0.000914606 0
 0 0 0 0 0
 0.581667 0.319106 0.0959925 0.00289975 0.000334073
 0.762889 0.0836404 0.116647 0.0363945 0.000428098
 0.88444 0.0763242 0.0277011 0.0115352 0
 0.521256 0.241999 0.230069 0.00667565 0
 0.616807 0.101726 0.260614 0.0208532 0
ppred_PELACES
 0.501631 0.11187 0.364475 0.0220229 7.02065e-07
 0.472143 0.265367 0.0589215 0.191968 0.0115998
 0.617702 0.18126 0.101067 0.0224407 0.0775306
 0.776883 0.13823 0.0402477 0.0224414 0.0221981
 0.698688 0.234709 0.0412629 0.0120143 0.0133253
 0.792848 0.144913 0.0484809 0.00852314 0.00523408
 0.541015 0.364505 0.0660931 0.0221115 0.00627449
 0.511486 0.266441 0.176361 0.0319782 0.0137341
 0.603251 0.203214 0.105556 0.0698688 0.0181099
 0.756972 0.147249 0.0490579 0.0254823 0.0212389
 0.847223 0.116048 0.0222534 0.007414 0.00706085
 0.778198 0.188012 0.0256668 0.00492185 0.00320145
 0.729324 0.211323 0.0503114 0.00686834 0.00217377
 0.683533 0.231662 0.0662084 0.0157628 0.00283293
 0.77862 0.152419 0.0504814 0.0144274 0.00405218
 0.948129 0.0405289 0.00780905 0.00258637 0.000946787
 0.431303 0.539552 0.0227716 0.0043876 0.00198514
 0.917543 0.0357306 0.044332 0.00187102 0.000523613
 0.651259 0.320202 0.0123667 0.0153438 0.000828805
 0.668318 0.216892 0.105396 0.00407056 0.00532327
 0.773425 0.15194 0.0488051 0.0237162 0.0021138
 0.780208 0.170295 0.0331925 0.0106618 0.00564276
 0.368991 0.493407 0.106614 0.0207803 0.0102076
 0.780356 0.0813524 0.108135 0.0233655 0.00679128
 0.67547 0.25354 0.0262932 0.0349493 0.0097467
 0.488703 0.345961 0.12917 0.0133955 0.022771
 0.775863 0.109778 0.0773793 0.0288908 0.00808917
 0.729996 0.209728 0.0295218 0.0208091 0.00994479
 0.384177 0.450068 0.128752 0.0181234 0.0188798
 0.479015 0.200678 0.234093 0.0669674 0.0192464
pobs_pel_tallas
 0 0 0 0 0 0 0 0 0 0 0 0 0 0 0 0 0 0 0 0 0 0 0 0 0 0
 0 0 0 0 0 0 0 0 0 0 0 0 0 0 0 0 0 0 0 0 0 0 0 0 0 0
 0 0 0 0 0 0 0 0 0 0 0 0 0 0 0 0 0 0 0 0 0 0 0 0 0 0
 0 0 0 0 0 0 0 0 0 0 0 0 0 0 0 0 0 0 0 0 0 0 0 0 0 0
 0 0 0 0 0 0 0 0 0 0 0 0 0 0 0 0 0 0 0 0 0 0 0 0 0 0
 0 0 0 0 0 0 0 0 0 0 0 0 0 0 0 0 0 0 0 0 0 0 0 0 0 0
 0 0 0 0 0 0 0 0 0 0 0 0 0 0 0 0 0 0 0 0 0 0 0 0 0 0
 0 0 0 0 0 0 0 0 0 0 0 0 0 0 0 0 0 0 0 0 0 0 0 0 0 0
 0 0 0 0 0 0 0 0 0 0 0 0 0 0 0 0 0 0 0 0 0 0 0 0 0 0
 0 0 0 0 0 0 0 0 0 0 0 0 0 0 0 0 0 0 0 0 0 0 0 0 0 0
 0 0 0 0 0 0 0 0 0 0 0 0 0 0 0 0 0 0 0 0 0 0 0 0 0 0
 0 0 0 0 0 0 0 0 0 0 0 0 0 0 0 0 0 0 0 0 0 0 0 0 0 0
 0.00862536 0 0 0.000197151 0.00414017 0.0128641 0.00837892 0.0270097 0.101434 0.158115 0.152841 0.127902 0.109271 0.109419 0.0830992 0.0579132 0.0238553 0.00714673 0.00463305 0.00128148 0.00103504 0.000492878 0.000147863 0.000147863 4.92878e-05 0
 0 0 0 0 0 0 0 0 0 0 0 0 0 0 0 0 0 0 0 0 0 0 0 0 0 0
 0 0 0 0 0 0 0 0.0054083 0.00873648 0.0413646 0.0450493 0.0745869 0.0622846 0.0627006 0.0613931 0.0827291 0.12552 0.122667 0.0946155 0.0697135 0.0546179 0.0294188 0.0215738 0.0213955 0.0102223 0.00600262
 0 0 0 0 0.00359764 0.0251062 0.0480494 0.140153 0.205849 0.193036 0.1447 0.116669 0.0760912 0.0342217 0.00950174 0.001854 0.000860785 0 0 0 0.000165536 0 0.000143464 0 0 0
 0 0 0 0 0 0 0 0.000145254 0.000435761 0.0275982 0.070085 0.0708112 0.156366 0.174668 0.174014 0.160142 0.0824315 0.0480064 0.0283245 0.00493863 0.00203355 0 0 0 0 0
 0 0 0 0 0 0 0 0 0 0 0 0 0 0 0 0 0 0 0 0 0 0 0 0 0 0
 0 0 1.00437e-05 0.000401748 0.00122533 0.00171747 0.00176769 0.0269171 0.070346 0.194647 0.189555 0.159765 0.064822 0.0314167 0.0384472 0.0292271 0.0345202 0.0313363 0.0194345 0.0106764 0.0143323 0.0359363 0.0279516 0.0138201 0.00172751 0
 0 0.0021121 0.0136068 0.0755702 0.200478 0.177729 0.0527432 0.0373336 0.0318909 0.0142505 0.0149659 0.0166563 0.0217959 0.0798694 0.0677717 0.0528807 0.04013 0.0224614 0.0357745 0.0225083 0.00881397 0.00855152 0.00135912 0.000746735 0 0
 0 0 0 0 5.4009e-05 0.00500934 0.000945158 0.0243581 0.138947 0.33067 0.221406 0.137944 0.0707744 0.0437923 0.0131692 0.00525238 0.0047753 0.00276346 9.45158e-05 9.00151e-06 2.25038e-05 9.00151e-06 4.50075e-06 0 0 0
 0.000866109 0.00284123 0.00948549 0.0512746 0.133035 0.25785 0.225252 0.132002 0.0553304 0.0519788 0.0540692 0.017754 0.00435017 0.00159236 0.00146478 0.000404838 0.000125132 0.000115318 0.000107957 0.000100596 0 0 0 0 0 0
 0 0 0 0 0.00144013 0.00171154 0.00461396 0.0210425 0.0478622 0.0707936 0.0888783 0.103762 0.0637923 0.0337046 0.0602308 0.124433 0.169614 0.0934646 0.0462172 0.0250306 0.0313229 0.00938855 0.002487 0.000210481 0 0
 0 0.00764035 0.051015 0.0998891 0.058973 0.0496711 0.0374665 0.0718981 0.12319 0.153886 0.159021 0.0857701 0.0377988 0.023471 0.0147837 0.00900784 0.00315554 0.000888139 0.00291439 0.00214683 0.00393193 0.00274676 0.000635225 9.99891e-05 0 0
 0 0 0 0 0 0 0 0 0 0 0 0 0 0 0 0 0 0 0 0 0 0 0 0 0 0
 0 0 0 0 0 0 0 0 0 0 0 0 0 0 0 0 0 0 0 0 0 0 0 0 0 0
 0 0 0 0 0 0 0 0 0 0 0 0 0 0 0 0 0 0 0 0 0 0 0 0 0 0
 0 0 0 0 0 0 0 0 0 0 0 0 0 0 0 0 0 0 0 0 0 0 0 0 0 0
 0 0 0 0 0 0 0 0 0 0 0 0 0 0 0 0 0 0 0 0 0 0 0 0 0 0
 0 0 0 0 0 0 0 0 0 0 0 0 0 0 0 0 0 0 0 0 0 0 0 0 0 0
ppred_pel_tallas
 1.12756e-16 4.13187e-05 0.000401633 0.00266899 0.0121329 0.0377499 0.0804305 0.117393 0.117404 0.0804861 0.0379381 0.0126836 0.00407741 0.00356245 0.00629643 0.0109999 0.0173653 0.0250014 0.0334161 0.0421926 0.0508973 0.0587224 0.0642854 0.0659869 0.0628199 0.0550459
 1.22983e-16 3.88899e-05 0.000378024 0.0025121 0.0114197 0.0355309 0.0757034 0.110497 0.110522 0.0758289 0.0359527 0.0126394 0.00557964 0.007095 0.0128594 0.0213755 0.0312368 0.0403037 0.0465101 0.0491297 0.0492859 0.0491466 0.0503919 0.0531312 0.0559685 0.0569632
 1.18334e-16 5.08793e-05 0.000494565 0.00328656 0.0149402 0.0464847 0.0990413 0.144557 0.144575 0.0991274 0.0467742 0.0157783 0.0053972 0.00512564 0.00891651 0.0148485 0.0218374 0.0284424 0.0332544 0.0357101 0.0364288 0.0367063 0.0375632 0.0391038 0.0405837 0.0409717
 1.07204e-16 6.39909e-05 0.000622014 0.0041335 0.0187903 0.0584637 0.124564 0.181807 0.18182 0.124629 0.0586832 0.0194248 0.00572845 0.00411134 0.00671361 0.0110591 0.0160741 0.0205411 0.023278 0.0237798 0.0225221 0.0206107 0.019055 0.018234 0.0178758 0.0174156
 1.04711e-16 5.75501e-05 0.000559407 0.00371746 0.016899 0.0525793 0.112027 0.163511 0.163533 0.112137 0.0529508 0.0179723 0.00641223 0.00644499 0.011244 0.0185208 0.0267308 0.0337386 0.0374108 0.0367775 0.0326065 0.026865 0.0215134 0.0175724 0.0150055 0.0132139
 1.03177e-16 6.53059e-05 0.000634797 0.00421845 0.0191765 0.0596652 0.127123 0.185543 0.185557 0.127192 0.0598953 0.0198417 0.00589038 0.00429194 0.00703234 0.0115787 0.0168046 0.0214076 0.0240996 0.0242788 0.0223597 0.0194355 0.0165623 0.0142387 0.0123928 0.0107139
 1.0528e-16 4.45628e-05 0.000433166 0.00287854 0.0130855 0.0407139 0.0867466 0.126617 0.126652 0.0869184 0.0412909 0.0147523 0.0070638 0.0095741 0.0174182 0.0287606 0.0415104 0.05238 0.0580442 0.0569713 0.050319 0.0411059 0.032355 0.025665 0.0210412 0.0176591
 1.10689e-16 4.21305e-05 0.000409523 0.00272143 0.0123712 0.0384916 0.0820114 0.119703 0.119729 0.0821381 0.0389176 0.0136046 0.00582829 0.00722802 0.013098 0.021865 0.032144 0.0417859 0.0485924 0.0515074 0.0511249 0.0490251 0.0465318 0.0439499 0.0407674 0.0364114
 1.1317e-16 4.9689e-05 0.000482995 0.00320967 0.0145907 0.0453972 0.0967243 0.141176 0.141196 0.0968208 0.0457216 0.0155295 0.00557361 0.00566811 0.0099706 0.0166005 0.0243772 0.0316633 0.036836 0.0392013 0.039374 0.0387219 0.0383293 0.0383237 0.0379988 0.0364632
 1.07604e-16 6.23508e-05 0.000606072 0.00402756 0.0183087 0.0569653 0.121371 0.177148 0.177162 0.121441 0.0571993 0.0189853 0.0057288 0.00432944 0.00716232 0.0118189 0.0172048 0.0220384 0.0250688 0.0257563 0.0245897 0.0227115 0.0211522 0.0202782 0.019787 0.0190978
 1.02611e-16 6.97847e-05 0.000678332 0.00450776 0.0204916 0.0637571 0.135842 0.198267 0.198278 0.135896 0.0639408 0.0210225 0.00584097 0.00359075 0.00560704 0.00917535 0.0132499 0.0167476 0.0186174 0.0183838 0.016426 0.013708 0.0111832 0.00933581 0.0081288 0.00725434
 1.01825e-16 6.40992e-05 0.000623067 0.0041405 0.0188221 0.0585627 0.124775 0.182116 0.182134 0.124863 0.05886 0.0196807 0.00629565 0.00532752 0.00899792 0.0147718 0.0212682 0.0267345 0.0294287 0.0285462 0.0246933 0.0194687 0.0145039 0.0107087 0.0081569 0.00645667
 1.02563e-16 6.00735e-05 0.000583935 0.00388046 0.01764 0.0548847 0.116938 0.170679 0.1707 0.117038 0.0552195 0.0186075 0.00631051 0.00589372 0.0101588 0.016737 0.0241913 0.0306005 0.0340388 0.0336032 0.0299232 0.0246854 0.0195785 0.0154966 0.0124654 0.0100852
 1.04031e-16 5.63018e-05 0.000547273 0.00363683 0.0165325 0.0514388 0.109597 0.159964 0.159987 0.109706 0.0518063 0.0175946 0.0063055 0.00638182 0.0111631 0.0184335 0.0267073 0.0339172 0.0379852 0.0379405 0.0344617 0.0293437 0.0243436 0.0203302 0.0172377 0.0145826
 1.03629e-16 6.4134e-05 0.000623405 0.00414275 0.0188323 0.0585944 0.124842 0.182214 0.182229 0.124914 0.0588365 0.019532 0.00590152 0.00447074 0.0073943 0.0121842 0.0176899 0.0225501 0.0254171 0.0256662 0.0237398 0.0207882 0.0179114 0.0156115 0.0137821 0.0120682
 1.00656e-16 7.80961e-05 0.000759122 0.00504463 0.0229322 0.0713505 0.15202 0.221878 0.221882 0.152039 0.0714147 0.0231176 0.00551018 0.00177604 0.00201129 0.00320645 0.00462325 0.00583895 0.00648074 0.00637897 0.0056621 0.0046639 0.00371714 0.00299541 0.00249549 0.00212341
 1.01572e-16 3.5526e-05 0.000345325 0.00229481 0.0104319 0.0324578 0.0691567 0.100947 0.100999 0.0694104 0.0333092 0.0128898 0.00846019 0.0137901 0.0255275 0.0420354 0.0602906 0.0752702 0.0818787 0.0777672 0.0647608 0.0476902 0.0315981 0.0194687 0.011768 0.00741656
 1.01565e-16 7.55768e-05 0.000734633 0.0048819 0.0221924 0.0690488 0.147116 0.214721 0.214724 0.147133 0.0691066 0.02236 0.00530561 0.00166922 0.00187862 0.00305914 0.00456882 0.00609635 0.00736632 0.00823034 0.00871218 0.00891711 0.00889241 0.00857543 0.00786984 0.00676493
 1.02118e-16 5.36434e-05 0.000521433 0.00346511 0.0157519 0.0490101 0.104422 0.152414 0.152445 0.104573 0.0495155 0.0172108 0.00712476 0.00850274 0.015189 0.0249671 0.0358254 0.0447715 0.0488009 0.0465455 0.0391113 0.029371 0.0202923 0.0135838 0.00943107 0.00710078
 1.04407e-16 5.50485e-05 0.000535091 0.00355587 0.0161645 0.0502938 0.107157 0.156403 0.156424 0.10726 0.0506392 0.0171635 0.00606901 0.00603937 0.0105615 0.0175101 0.0255361 0.0327692 0.0373119 0.0382421 0.0360823 0.0322985 0.0282767 0.0246273 0.0212374 0.0177868
 1.04184e-16 6.3706e-05 0.000619245 0.0041151 0.0187067 0.0582035 0.124009 0.180998 0.181013 0.124081 0.0584448 0.0194042 0.00586857 0.00445528 0.00737332 0.0121531 0.0176533 0.0225246 0.0254354 0.0257784 0.0240085 0.0212772 0.0186674 0.0166427 0.0150433 0.0134608
 1.03026e-16 6.42647e-05 0.000624676 0.00415119 0.0188707 0.0587139 0.125097 0.182586 0.182602 0.125177 0.0589836 0.0196498 0.00610753 0.00489819 0.00818886 0.0134585 0.0194345 0.0245537 0.0272685 0.0268703 0.0239018 0.0197665 0.0158606 0.0129074 0.0108831 0.00938022
 1.07015e-16 3.03934e-05 0.000295435 0.00196327 0.00892476 0.0277685 0.0591655 0.0863638 0.0864114 0.0593982 0.02855 0.0111827 0.00763393 0.0126841 0.0235869 0.0390194 0.0563781 0.0712572 0.0791685 0.0780246 0.0693415 0.0571216 0.045367 0.0361868 0.0296007 0.0245756
 1.06634e-16 6.42769e-05 0.000624795 0.00415198 0.0188743 0.058725 0.12512 0.182618 0.182626 0.125159 0.0588569 0.0192574 0.00512134 0.00276641 0.00420652 0.00704879 0.0106076 0.0143045 0.0175745 0.0201337 0.0220645 0.0235821 0.0246975 0.0251034 0.0243814 0.0223294
 1.05978e-16 5.56376e-05 0.000540818 0.00359393 0.0163375 0.0508321 0.108304 0.158078 0.158102 0.108423 0.0512329 0.0174953 0.00650018 0.0068854 0.0121064 0.0199314 0.0287249 0.0361761 0.0399873 0.0391452 0.0345468 0.028402 0.0228932 0.019123 0.0169645 0.0156175
 1.09013e-16 4.02539e-05 0.000391282 0.00260021 0.0118202 0.0367772 0.0783589 0.114374 0.114408 0.0785225 0.0373269 0.0134097 0.00659642 0.00913569 0.0167082 0.0277171 0.0402951 0.0514513 0.0581413 0.0589386 0.0548151 0.0483319 0.0419386 0.0367542 0.0325573 0.0285905
 1.06528e-16 6.39068e-05 0.000621197 0.00412807 0.0187656 0.0583869 0.1244 0.181568 0.181578 0.124452 0.0585627 0.0192748 0.00541142 0.00344021 0.00546929 0.00907668 0.0133902 0.017519 0.0205947 0.0222213 0.0226643 0.0225564 0.0223718 0.0221143 0.0214264 0.0199431
 1.04676e-16 6.01289e-05 0.000584474 0.00388404 0.0176563 0.0549353 0.117046 0.170837 0.170857 0.117145 0.0552671 0.0186147 0.0062902 0.00583865 0.0100435 0.0165225 0.0238309 0.0300516 0.0332825 0.0326731 0.0289385 0.0238706 0.0192438 0.0159638 0.0139539 0.0126092
 1.08844e-16 3.16443e-05 0.000307594 0.00204407 0.00929207 0.0289113 0.0616002 0.0899164 0.0899599 0.0618127 0.0296252 0.0113554 0.00722831 0.0116417 0.0216065 0.0357992 0.0518696 0.0658619 0.0737425 0.0736298 0.0668548 0.0569276 0.0472925 0.0396643 0.0339226 0.0291023
 1.1678e-16 3.94559e-05 0.000383525 0.00254866 0.0115859 0.036048 0.0768048 0.112103 0.112123 0.0769011 0.0363725 0.0125275 0.00492923 0.00563614 0.0101796 0.0171985 0.0257869 0.0345689 0.0421316 0.0477981 0.0518702 0.0550479 0.05755 0.0587503 0.0576159 0.0534997
pSPR Fmed_Fpbrs
0.642984   0.210114 0.210114
Fs Fmed_Fpbrs
0.236993   1.005 1.005
SSBpbr Bo_Bmed_Bpbrs
1.94574e+06  1.1538e+06  311541 311541
Ro
174600
SPR SPRFo_SPRFmed_SPRFpbrs
1.24287e+06 799145 261144
Fref
1.005
log_Ro
11.8903
likeval ReclasPelacesDesembMPH_pf_preclas_ppelaces_ptallas_desvR_qrecl_qpela
 13.442 16.9389 0.0568398 0.000816612 228.704 105.279 76.8147 0 23.9352 1.10455e-06 0 0.29098 0 0 0
q_reclas_q_pelaces
0.861632 1
M
1
N
 198158 45146 147087 8887.54 0.283325
 112190 65559.8 14556.8 47426.4 2865.76
 111599 34016.8 18967.2 4211.43 14550.1
 180165 33992.3 9897.39 5518.62 5458.77
 144533 49537.4 8708.87 2535.72 2812.42
 253251 48127.3 16101 2830.63 1738.29
 104515 76778.3 13921.7 4657.5 1321.64
 47374.6 25024.4 16564 3003.43 1289.93
 45742.3 16263.4 8447.72 5591.64 1449.34
 61707.8 12872.4 4288.6 2227.64 1856.69
 115246 16046.3 3077.03 1025.15 976.32
 150601 39088.7 5336.26 1023.28 665.598
 125258 38812.6 9240.44 1261.47 399.245
 87072.4 33023 9437.87 2246.95 403.828
 86654.3 18327 6069.92 1734.76 487.237
 477306 21713.5 4183.73 1385.66 507.245
 98984.9 128904 5440.35 1048.24 474.269
 735768 29829.8 37010.8 1562.03 437.141
 425652 221604 8558.68 10619 573.595
 345379 117860 57272.6 2211.96 2892.69
 485035 99016.7 31805.5 15455.4 1377.53
 643073 147452 28740.1 9231.7 4885.86
 134542 185233 40024.7 7801.27 3832.09
 400343 42819.9 56916.8 12298.4 3574.59
 336623 129672 13447.6 17874.7 4984.92
 150594 108874 40649.8 4215.56 7166.05
 343937 49906.2 35177.5 13134.1 3677.43
 380551 111644 15715.3 11077.3 5293.89
 105484 126183 36097.3 5081.13 5293.2
 80978.2 34984.4 40809.8 11674.5 3355.25
pred_Ctot
 12719.3 3563.31 11609.4 701.481 0.0223624
 12665.2 9025.58 2004.02 6529.17 394.527
 12323.8 4582.94 2555.37 567.389 1960.27
 29455.6 6717.16 1955.8 1090.52 1078.7
 8737.17 3684.59 647.765 188.607 209.188
 28606.2 6629.43 2217.88 389.912 239.446
 23882.4 20953.3 3799.31 1271.06 360.684
 2012.79 1312.09 868.49 157.477 67.634
 6946 2991.15 1553.7 1028.41 266.562
 11761.2 2950.82 983.102 510.655 425.62
 5722.1 982.055 188.319 62.7408 59.7523
 29341.5 9152.56 1249.48 239.599 155.849
 23050.1 8600.74 2047.65 279.538 88.4713
 24631.7 11040.8 3155.44 751.241 135.015
 18018 4568.68 1513.15 432.455 121.462
 82261.5 4515.89 870.116 288.184 105.495
 11499.8 18252.5 770.338 148.428 67.1552
 85703.1 4234.64 5254.05 221.745 62.0564
 68101.4 42880.2 1656.1 2054.78 110.99
 49170.6 20357.2 9892.3 382.057 499.634
 54070.3 13464.2 4324.88 2101.62 187.315
 89991.7 25045 4881.55 1568.02 829.869
 11606.4 19576 4229.94 824.463 404.988
 30567.6 4012.07 5332.9 1152.32 334.927
 25981.7 12280.2 1273.51 1692.76 472.08
 9521.46 8465.9 3160.87 327.796 557.223
 25836.7 4601.45 3243.44 1210.99 339.067
 23939.3 8637.91 1215.89 857.051 409.589
 6621.35 9741.93 2786.89 392.289 408.662
 7339.46 3881.61 4527.95 1295.32 372.273
F
 0.106101 0.131848 0.131848 0.131848 0.131848
 0.193338 0.240252 0.240252 0.240252 0.240252
 0.188776 0.234584 0.234584 0.234584 0.234584
 0.291145 0.361793 0.361793 0.361793 0.361793
 0.0996609 0.123844 0.123844 0.123844 0.123844
 0.193459 0.240404 0.240404 0.240404 0.240404
 0.429477 0.533692 0.533692 0.533692 0.533692
 0.0691716 0.0859565 0.0859565 0.0859565 0.0859565
 0.267938 0.332956 0.332956 0.332956 0.332956
 0.346934 0.43112 0.43112 0.43112 0.43112
 0.0812387 0.100952 0.100952 0.100952 0.100952
 0.355886 0.442244 0.442244 0.442244 0.442244
 0.333169 0.414015 0.414015 0.414015 0.414015
 0.558367 0.693859 0.693859 0.693859 0.693859
 0.383991 0.477169 0.477169 0.477169 0.477169
 0.30909 0.384093 0.384093 0.384093 0.384093
 0.199458 0.247858 0.247858 0.247858 0.247858
 0.200025 0.248563 0.248563 0.248563 0.248563
 0.284122 0.353067 0.353067 0.353067 0.353067
 0.249354 0.309862 0.309862 0.309862 0.309862
 0.190716 0.236995 0.236995 0.236995 0.236995
 0.244643 0.304008 0.304008 0.304008 0.304008
 0.144871 0.180025 0.180025 0.180025 0.180025
 0.12731 0.158203 0.158203 0.158203 0.158203
 0.128771 0.160018 0.160018 0.160018 0.160018
 0.104441 0.129784 0.129784 0.129784 0.129784
 0.125143 0.15551 0.15551 0.15551 0.15551
 0.10389 0.1291 0.1291 0.1291 0.1291
 0.103656 0.128809 0.128809 0.128809 0.128809
 0.152692 0.189744 0.189744 0.189744 0.189744
nmprior
 8 8 7 0
nm_flota  nm_reclas  nm_pelaces    nm_pelaL
inf 12.2098 15.9412 27.7347
cv_recla  cv_pelaces  cv_mph
0.339437 0.484291 0.881888
 ------------------------------------------------
Talla a la edad & desviación 
 8 13.2811 15.8009 17.003 17.5766
 0.8 1.32811 1.58009 1.7003 1.75766
