years
 1991 1992 1993 1994 1995 1996 1997 1998 1999 2000 2001 2002 2003 2004 2005 2006 2007 2008 2009 2010 2011 2012 2013 2014 2015 2016 2017 2018 2019 2020
reclasobs
 0 0 0 0 0 0 0 0 0 252601 567819 844713 477998 351125 339783 2.1784e+06 2.13404e+06 4.81314e+06 1.55562e+06 2.62356e+06 3.21686e+06 3.843e+06 1.13348e+06 3.07943e+06 1.97215e+06 2.03268e+06 2.025e+06 2.42433e+06 2.27542e+06 1.05018e+06
reclaspred
 3.14283e+06 1.71638e+06 869391 890253 902181 1.56958e+06 882814 760871 540752 369668 503215 682850 668494 488903 475841 1.33109e+06 1.17973e+06 3.04183e+06 2.43039e+06 1.81507e+06 3.14356e+06 2.52975e+06 1.91045e+06 3.03834e+06 2.24086e+06 1.96738e+06 2.39689e+06 2.57918e+06 2.02356e+06 1.20825e+06
pelacesobs
 0 0 0 0 0 0 0 0 0 0 0 0 0 0 0 552880 188675 0 991730 2.46772e+06 1.41603e+06 1.21717e+06 2.29649e+06 1.80582e+06 0 1.4828e+06 1.56532e+06 1.57751e+06 1.42118e+06 867257
pelacespred
 1.86939e+06 1.11369e+06 548219 439373 490411 859382 442459 498769 325680 202342 290800 329161 358187 262841 261950 611860 588377 1.68304e+06 1.41022e+06 968778 1.65597e+06 1.41577e+06 1.12484e+06 1.89321e+06 1.38478e+06 1.22343e+06 1.6429e+06 1.74309e+06 1.19948e+06 797973
mphobs
 0 0 0 0 0 0 0 0 0 0 0 498337 0 5186 125008 0 168611 109162 213762 579715 649985 157893 87575 83554 0 0 0 0 0 0
mphpred
 486480 325628 156273 86740 94683.1 113774 157109 84371.1 76248.2 48094.7 29932.7 61652.5 65999.1 53638.7 32180.1 40612.8 150514 132377 306087 216527 236090 288092 270441 214074 311100 253754 206342 226364 322429 205695
desembarqueobs
 494567 514787 250237 358949 120608 361735 552515 73892 212993 205616 52469 317467 293654 387597 252695 516296 358380 742168 942051 627588 828172 859565 418607 520667 417249 300574 407403 355545 319650 289779
desembarquepred
 494571 513857 250667 358985 120614 361742 552536 73897.4 213053 205670 52471.8 317526 293687 387574 252671 516230 358417 742029 941773 627378 828247 859529 418604 520688 417235 300570 407395 355517 319632 289787
Reclutas
 169672 93767.8 94409 142467 115500 212646 83311 35378.2 34847.1 47250.7 88252.4 126943 105995 73689.4 67495.6 364344 72290.3 586527 332586 275019 364245 495587 97434.4 289243 243244 107500 244413 270152 75648.7 58067.4
log_desv_Rt
 0.22825 -0.364797 -0.357982 0.0534908 -0.15635 0.45401 -0.483038 -1.33952 -1.35465 -1.05015 -0.425418 -0.0618836 -0.242229 -0.605759 -0.693557 0.992479 -0.624929 1.4686 0.901281 0.711223 0.992208 1.30012 -0.326439 0.761648 0.588445 -0.228131 0.593242 0.693366 -0.579518 -0.844014
SSB
 2.00866e+06 1.34451e+06 645248 358147 390944 469771 648698 348366 314827 198582 123591 254562 272509 221473 132871 167689 621469 546583 1.26382e+06 894035 974812 1.18953e+06 1.11665e+06 883906 1.28452e+06 1.04774e+06 851983 934654 1.3313e+06 849311
BT
 2.84422e+06 1.94948e+06 955286 902176 761618 1.51803e+06 1.08019e+06 746837 653865 475586 457796 725491 766549 773623 629364 1.31035e+06 1.07441e+06 3.08702e+06 2.84609e+06 1.87701e+06 3.00078e+06 2.74762e+06 1.86989e+06 3.16407e+06 2.25197e+06 1.91643e+06 2.72801e+06 2.80915e+06 1.84097e+06 1.33303e+06
Ftot
 0.208968 0.385578 0.378727 0.576184 0.19176 0.347154 0.800142 0.137477 0.547398 0.763885 0.166992 0.670952 0.629671 1.10421 0.809252 0.631104 0.4125 0.389309 0.544567 0.494416 0.386436 0.492509 0.295776 0.262933 0.261874 0.21185 0.25791 0.212589 0.206772 0.318497
BD_Bspro_t
 0.967246 0.776805 0.5697 0.470067 0.463379 0.558802 0.560893 0.366414 0.423633 0.362518 0.320824 0.578538 0.456836 0.360773 0.244842 0.292468 0.486172 0.441966 0.579221 0.464268 0.43858 0.484919 0.498665 0.480484 0.604614 0.612486 0.618281 0.668025 0.726913 0.633196
BD_Bspro
 2.0895 1.39862 0.671215 0.372561 0.406677 0.488676 0.674804 0.362386 0.327497 0.206574 0.128565 0.264806 0.283476 0.230386 0.138218 0.174438 0.646479 0.56858 1.31468 0.930014 1.01404 1.2374 1.16158 0.919477 1.33622 1.08991 0.88627 0.972267 1.38488 0.883491
BD_Bo
 1.3305 0.890577 0.427399 0.23723 0.258954 0.311167 0.429685 0.230751 0.208535 0.131537 0.0818644 0.168617 0.180504 0.146699 0.088011 0.111074 0.411649 0.362046 0.837132 0.592191 0.645696 0.787918 0.739644 0.585482 0.850843 0.694004 0.564337 0.619096 0.881828 0.562567
BD_Brms
 2.41909 1.61923 0.777089 0.431327 0.470825 0.565758 0.781245 0.419547 0.379155 0.239158 0.148844 0.306576 0.32819 0.266726 0.16002 0.201953 0.748452 0.658265 1.52206 1.07671 1.17399 1.43258 1.34481 1.06451 1.54699 1.26183 1.02607 1.12563 1.60332 1.02285
Sel_flota
 0.699776 0.977918 0.998813 0.999937 0.999997
 0.699776 0.977918 0.998813 0.999937 0.999997
 0.699776 0.977918 0.998813 0.999937 0.999997
 0.699776 0.977918 0.998813 0.999937 0.999997
 0.699776 0.977918 0.998813 0.999937 0.999997
 0.699776 0.977918 0.998813 0.999937 0.999997
 0.699776 0.977918 0.998813 0.999937 0.999997
 0.699776 0.977918 0.998813 0.999937 0.999997
 0.699776 0.977918 0.998813 0.999937 0.999997
 0.699776 0.977918 0.998813 0.999937 0.999997
 0.699776 0.977918 0.998813 0.999937 0.999997
 0.699776 0.977918 0.998813 0.999937 0.999997
 0.699776 0.977918 0.998813 0.999937 0.999997
 0.699776 0.977918 0.998813 0.999937 0.999997
 0.699776 0.977918 0.998813 0.999937 0.999997
 0.699776 0.977918 0.998813 0.999937 0.999997
 0.699776 0.977918 0.998813 0.999937 0.999997
 0.699776 0.977918 0.998813 0.999937 0.999997
 0.699776 0.977918 0.998813 0.999937 0.999997
 0.699776 0.977918 0.998813 0.999937 0.999997
 0.699776 0.977918 0.998813 0.999937 0.999997
 0.699776 0.977918 0.998813 0.999937 0.999997
 0.699776 0.977918 0.998813 0.999937 0.999997
 0.699776 0.977918 0.998813 0.999937 0.999997
 0.699776 0.977918 0.998813 0.999937 0.999997
 0.699776 0.977918 0.998813 0.999937 0.999997
 0.699776 0.977918 0.998813 0.999937 0.999997
 0.699776 0.977918 0.998813 0.999937 0.999997
 0.699776 0.977918 0.998813 0.999937 0.999997
 0.699776 0.977918 0.998813 0.999937 0.999997
Sel_reclas
 1 1 1 1 1
 1 1 1 1 1
 1 1 1 1 1
 1 1 1 1 1
 1 1 1 1 1
 1 1 1 1 1
 1 1 1 1 1
 1 1 1 1 1
 1 1 1 1 1
 1 1 1 1 1
 1 1 1 1 1
 1 1 1 1 1
 1 1 1 1 1
 1 1 1 1 1
 1 1 1 1 1
 1 1 1 1 1
 1 1 1 1 1
 1 1 1 1 1
 1 1 1 1 1
 1 1 1 1 1
 1 1 1 1 1
 1 1 1 1 1
 1 1 1 1 1
 1 1 1 1 1
 1 1 1 1 1
 1 1 1 1 1
 1 1 1 1 1
 1 1 1 1 1
 1 1 1 1 1
 1 1 1 1 1
Sel_pelaces
 0.840717 0.963719 0.992575 0.998516 0.999705
 0.840717 0.963719 0.992575 0.998516 0.999705
 0.840717 0.963719 0.992575 0.998516 0.999705
 0.840717 0.963719 0.992575 0.998516 0.999705
 0.840717 0.963719 0.992575 0.998516 0.999705
 0.840717 0.963719 0.992575 0.998516 0.999705
 0.840717 0.963719 0.992575 0.998516 0.999705
 0.840717 0.963719 0.992575 0.998516 0.999705
 0.840717 0.963719 0.992575 0.998516 0.999705
 0.840717 0.963719 0.992575 0.998516 0.999705
 0.840717 0.963719 0.992575 0.998516 0.999705
 0.840717 0.963719 0.992575 0.998516 0.999705
 0.840717 0.963719 0.992575 0.998516 0.999705
 0.840717 0.963719 0.992575 0.998516 0.999705
 0.840717 0.963719 0.992575 0.998516 0.999705
 0.840717 0.963719 0.992575 0.998516 0.999705
 0.840717 0.963719 0.992575 0.998516 0.999705
 0.840717 0.963719 0.992575 0.998516 0.999705
 0.840717 0.963719 0.992575 0.998516 0.999705
 0.840717 0.963719 0.992575 0.998516 0.999705
 0.840717 0.963719 0.992575 0.998516 0.999705
 0.840717 0.963719 0.992575 0.998516 0.999705
 0.840717 0.963719 0.992575 0.998516 0.999705
 0.840717 0.963719 0.992575 0.998516 0.999705
 0.840717 0.963719 0.992575 0.998516 0.999705
 0.840717 0.963719 0.992575 0.998516 0.999705
 0.840717 0.963719 0.992575 0.998516 0.999705
 0.840717 0.963719 0.992575 0.998516 0.999705
 0.840717 0.963719 0.992575 0.998516 0.999705
 0.840717 0.963719 0.992575 0.998516 0.999705
pf_obs 
 0.8446 0.082 0.0669 0.0065 0
 0.8095 0.147 0.0364 0.0071 0
 0.9664 0.0169 0.016 0.0007 0
 0.9276 0.0648 0.0075 0.0001 0
 0.7033 0.2144 0.0806 0.0017 0
 0.9318 0.0425 0.0243 0.0014 0
 0.5671 0.3108 0.0964 0.0239 0.0018
 0.0768 0.2599 0.5324 0.112 0.0189
 0.490249 0.384438 0.106611 0.0170017 0.00170017
 0.7925 0.1577 0.0466 0.003 0.0002
 0.840416 0.127587 0.0312969 0.00059994 9.999e-05
 0.8084 0.0986 0.0794 0.0134 0.0002
 0.7335 0.1905 0.0724 0.0035 0.0001
 0.4001 0.4547 0.1325 0.0127 0
 0.49795 0.308269 0.164784 0.0264974 0.00249975
 0.9179 0.0499 0.0305 0.0017 0
 0.2467 0.6533 0.0926 0.0074 0
 0.9418 0.0223 0.034 0.0019 0
 0.707729 0.231977 0.0356964 0.0245975 0
 0.517169 0.277429 0.184464 0.0207286 0.00020938
 0.811772 0.124168 0.05621 0.00726502 0.000585176
 0.764997 0.148141 0.077277 0.00933861 0.000247198
 0.163321 0.427699 0.378323 0.0303852 0.000271297
 0.753843 0.0900009 0.118128 0.0371064 0.000921714
 0.721811 0.176058 0.0630433 0.0369309 0.00215725
 0.143369 0.312575 0.442814 0.0836902 0.0175525
 0.692698 0.0596174 0.167031 0.0765114 0.00414204
 0.394062 0.376323 0.152708 0.0712218 0.00568511
 0.125707 0.32114 0.495352 0.0537591 0.00404204
 0.23352 0.215282 0.420074 0.123614 0.00750983
pf_pred 
 0.482872 0.139993 0.353129 0.0240049 8.65997e-07
 0.42703 0.32905 0.0671394 0.165541 0.0112398
 0.583804 0.218366 0.114871 0.0228571 0.0601025
 0.733082 0.180263 0.04602 0.0236088 0.0170265
 0.660718 0.273969 0.044513 0.0110542 0.00974601
 0.757652 0.178069 0.0521321 0.00828121 0.0038649
 0.464022 0.440132 0.0708893 0.0202463 0.0047108
 0.459398 0.312784 0.188114 0.0293791 0.0103259
 0.549986 0.245977 0.119153 0.0701047 0.0147794
 0.731675 0.174869 0.0517325 0.0243807 0.0173431
 0.836884 0.132445 0.0202038 0.00579866 0.00466905
 0.747821 0.221738 0.0248227 0.00370281 0.00191611
 0.695043 0.25048 0.048069 0.00522655 0.00118122
 0.645573 0.276062 0.0646947 0.0120639 0.00160568
 0.759884 0.18136 0.046125 0.0104309 0.00219976
 0.942861 0.0477047 0.00718 0.00177008 0.000483899
 0.376553 0.599822 0.0198177 0.00289894 0.00090865
 0.911882 0.0414912 0.0449032 0.00144625 0.000277488
 0.59036 0.384646 0.0119259 0.0125851 0.000482461
 0.629827 0.253669 0.109581 0.00330597 0.00361717
 0.732043 0.192737 0.0519767 0.0218641 0.00137932
 0.745566 0.203894 0.036612 0.00962806 0.00429976
 0.312427 0.560127 0.102672 0.0179537 0.00682004
 0.743675 0.101687 0.126533 0.0226467 0.00545734
 0.62069 0.30659 0.0292618 0.035568 0.00788992
 0.425985 0.402859 0.138979 0.0129576 0.0192196
 0.731021 0.138479 0.0922141 0.0310956 0.00719043
 0.677718 0.256956 0.0340186 0.0221303 0.00917663
 0.32668 0.504975 0.134852 0.0174513 0.0160404
 0.422441 0.236356 0.257358 0.0671815 0.0166643
pobs_RECLAS
 0 0 0 0 0
 0 0 0 0 0
 0 0 0 0 0
 0 0 0 0 0
 0 0 0 0 0
 0 0 0 0 0
 0 0 0 0 0
 0 0 0 0 0
 0 0 0 0 0
 0 0 0 0 0
 0.991045 0.00858322 0.000360255 1.14367e-05 0
 0.934742 0.0480273 0.0164251 0.00080598 0
 0.827803 0.169806 0.00239088 0 0
 0.941827 0.0461693 0.0120037 0 0
 0.791401 0.0380133 0.147996 0.0225897 0
 0.846168 0.0940531 0.0597789 0 0
 0.134021 0.677848 0.182769 0.00536245 0
 0.80878 0.0450904 0.141981 0.00414843 0
 0.846168 0.0940531 0.0597789 0 0
 0.905697 0.0802665 0.012482 0.00150086 5.37128e-05
 0.989698 0.0102097 9.19794e-05 0 0
 0.975433 0.0193895 0.00387452 0.00125025 5.28907e-05
 0.303575 0.632131 0.0575291 0.00676475 0
 0.966965 0.00978017 0.0227588 0.000495775 0
 0.843318 0.132988 0.00938335 0.0141283 0.000182051
 0.564624 0.303363 0.111486 0.0197234 0.00080311
 0.826376 0.0876187 0.0782897 0.00655872 0.00115652
 0.89761 0.0855135 0.0140674 0.00269457 0.000114338
 0.34875 0.467042 0.161289 0.0227151 0.000203297
 0.318654 0.224769 0.449479 0.00709798 0
ppred_RECLAS
 0.571367 0.117877 0.290997 0.0197586 7.12764e-07
 0.515461 0.280972 0.0560799 0.13811 0.00937671
 0.66707 0.176548 0.0908498 0.0180561 0.0474756
 0.797636 0.137693 0.0343648 0.0176082 0.0126982
 0.733096 0.216426 0.0344149 0.00853665 0.00752595
 0.816147 0.135879 0.0389175 0.00617484 0.00288166
 0.555856 0.366263 0.0576208 0.0164362 0.00382402
 0.545977 0.265078 0.156046 0.0243431 0.00855542
 0.637275 0.200336 0.0948792 0.0557562 0.0117537
 0.798009 0.132732 0.0383601 0.018056 0.0128432
 0.878498 0.0990583 0.0147898 0.00423996 0.00341379
 0.809664 0.167825 0.0183601 0.00273544 0.00141542
 0.765669 0.193255 0.0362494 0.00393661 0.000889631
 0.728355 0.212752 0.048632 0.00905659 0.00120532
 0.820919 0.136044 0.0337945 0.00763286 0.00160958
 0.959435 0.0339961 0.00500112 0.00123142 0.000336621
 0.461028 0.518982 0.0167717 0.00245048 0.000768035
 0.936717 0.030146 0.0319135 0.00102667 0.000196972
 0.67245 0.307995 0.00933644 0.00984071 0.000377229
 0.708652 0.201057 0.0849316 0.00255926 0.0028
 0.795344 0.148127 0.0390755 0.0164179 0.00103567
 0.806879 0.155453 0.0272963 0.0071697 0.00320169
 0.391326 0.497862 0.089292 0.0155958 0.00592402
 0.805378 0.0782322 0.0952575 0.0170293 0.00410343
 0.698176 0.245 0.0228815 0.0277805 0.00616209
 0.512128 0.344618 0.116349 0.0108353 0.0160706
 0.794489 0.106934 0.0696802 0.0234698 0.00542673
 0.748023 0.201798 0.0261458 0.0169892 0.00704439
 0.40669 0.447382 0.116923 0.0151138 0.013891
 0.511008 0.202734 0.215977 0.0563138 0.0139678
pobs_PELACES
 0 0 0 0 0
 0 0 0 0 0
 0 0 0 0 0
 0 0 0 0 0
 0 0 0 0 0
 0 0 0 0 0
 0 0 0 0 0
 0 0 0 0 0
 0 0 0 0 0
 0 0 0 0 0
 0 0 0 0 0
 0 0 0 0 0
 0 0 0 0 0
 0 0 0 0 0
 0 0 0 0 0
 0 0 0 0 0
 0.505614 0.472636 0.0217494 0 0
 0 0 0 0 0
 0.443492 0.261883 0.143347 0.151278 0
 0.227955 0.32914 0.350689 0.0885471 0.00366901
 0.970185 0.0296113 0.000203453 0 0
 0.997202 0.00247181 0.000326279 0 0
 0.445219 0.490057 0.0546422 0.010081 0
 0.90214 0.0892962 0.00764917 0.000914606 0
 0 0 0 0 0
 0.581667 0.319106 0.0959925 0.00289975 0.000334073
 0.762889 0.0836404 0.116647 0.0363945 0.000428098
 0.88444 0.0763242 0.0277011 0.0115352 0
 0.521256 0.241999 0.230069 0.00667565 0
 0.616807 0.101726 0.260614 0.0208532 0
ppred_PELACES
 0.537273 0.124646 0.316465 0.0216148 7.8065e-07
 0.486883 0.293645 0.0602038 0.149132 0.010137
 0.640866 0.187785 0.0992662 0.0198442 0.0522387
 0.782235 0.146817 0.0375895 0.0193717 0.0139863
 0.707993 0.235415 0.0385043 0.00960752 0.00848009
 0.798721 0.147653 0.0434517 0.00693464 0.00324007
 0.539104 0.378362 0.0609693 0.0174902 0.00407404
 0.512013 0.281385 0.170444 0.0267469 0.0094114
 0.614087 0.210447 0.102265 0.060444 0.012757
 0.78552 0.139629 0.0413432 0.0195711 0.0139373
 0.864286 0.110015 0.0168981 0.00487303 0.00392817
 0.797341 0.178135 0.019979 0.0029937 0.00155088
 0.750389 0.204916 0.039416 0.00430512 0.000974057
 0.720328 0.217944 0.0509213 0.00953578 0.00127058
 0.810645 0.142972 0.0363754 0.00826248 0.0017444
 0.95608 0.036648 0.00552856 0.00136912 0.000374703
 0.436365 0.542166 0.0179943 0.00264444 0.000829808
 0.929544 0.0330882 0.0359803 0.00116426 0.000223633
 0.652713 0.325986 0.0101395 0.010749 0.000412532
 0.687703 0.213737 0.0926748 0.00280879 0.00307662
 0.777018 0.160105 0.0433843 0.0183347 0.00115796
 0.791342 0.167041 0.0301068 0.0079538 0.00355603
 0.364376 0.517168 0.095337 0.0167495 0.00636977
 0.784235 0.0852416 0.106706 0.0191883 0.00462915
 0.672638 0.264147 0.0253625 0.030974 0.00687859
 0.480693 0.363649 0.126266 0.0118282 0.0175642
 0.772953 0.116466 0.0780252 0.0264353 0.00611968
 0.724083 0.219592 0.0292602 0.0191252 0.00793948
 0.376945 0.466393 0.125363 0.0163004 0.0149994
 0.479952 0.211983 0.232082 0.060868 0.0151152
pobs_pel_tallas
 0 0 0 0 0 0 0 0 0 0 0 0 0 0 0 0 0 0 0 0 0 0 0 0 0 0
 0 0 0 0 0 0 0 0 0 0 0 0 0 0 0 0 0 0 0 0 0 0 0 0 0 0
 0 0 0 0 0 0 0 0 0 0 0 0 0 0 0 0 0 0 0 0 0 0 0 0 0 0
 0 0 0 0 0 0 0 0 0 0 0 0 0 0 0 0 0 0 0 0 0 0 0 0 0 0
 0 0 0 0 0 0 0 0 0 0 0 0 0 0 0 0 0 0 0 0 0 0 0 0 0 0
 0 0 0 0 0 0 0 0 0 0 0 0 0 0 0 0 0 0 0 0 0 0 0 0 0 0
 0 0 0 0 0 0 0 0 0 0 0 0 0 0 0 0 0 0 0 0 0 0 0 0 0 0
 0 0 0 0 0 0 0 0 0 0 0 0 0 0 0 0 0 0 0 0 0 0 0 0 0 0
 0 0 0 0 0 0 0 0 0 0 0 0 0 0 0 0 0 0 0 0 0 0 0 0 0 0
 0 0 0 0 0 0 0 0 0 0 0 0 0 0 0 0 0 0 0 0 0 0 0 0 0 0
 0 0 0 0 0 0 0 0 0 0 0 0 0 0 0 0 0 0 0 0 0 0 0 0 0 0
 0 0 0 0 0 0 0 0 0 0 0 0 0 0 0 0 0 0 0 0 0 0 0 0 0 0
 0.00862536 0 0 0.000197151 0.00414017 0.0128641 0.00837892 0.0270097 0.101434 0.158115 0.152841 0.127902 0.109271 0.109419 0.0830992 0.0579132 0.0238553 0.00714673 0.00463305 0.00128148 0.00103504 0.000492878 0.000147863 0.000147863 4.92878e-05 0
 0 0 0 0 0 0 0 0 0 0 0 0 0 0 0 0 0 0 0 0 0 0 0 0 0 0
 0 0 0 0 0 0 0 0.0054083 0.00873648 0.0413646 0.0450493 0.0745869 0.0622846 0.0627006 0.0613931 0.0827291 0.12552 0.122667 0.0946155 0.0697135 0.0546179 0.0294188 0.0215738 0.0213955 0.0102223 0.00600262
 0 0 0 0 0.00359764 0.0251062 0.0480494 0.140153 0.205849 0.193036 0.1447 0.116669 0.0760912 0.0342217 0.00950174 0.001854 0.000860785 0 0 0 0.000165536 0 0.000143464 0 0 0
 0 0 0 0 0 0 0 0.000145254 0.000435761 0.0275982 0.070085 0.0708112 0.156366 0.174668 0.174014 0.160142 0.0824315 0.0480064 0.0283245 0.00493863 0.00203355 0 0 0 0 0
 0 0 0 0 0 0 0 0 0 0 0 0 0 0 0 0 0 0 0 0 0 0 0 0 0 0
 0 0 1.00437e-05 0.000401748 0.00122533 0.00171747 0.00176769 0.0269171 0.070346 0.194647 0.189555 0.159765 0.064822 0.0314167 0.0384472 0.0292271 0.0345202 0.0313363 0.0194345 0.0106764 0.0143323 0.0359363 0.0279516 0.0138201 0.00172751 0
 0 0.0021121 0.0136068 0.0755702 0.200478 0.177729 0.0527432 0.0373336 0.0318909 0.0142505 0.0149659 0.0166563 0.0217959 0.0798694 0.0677717 0.0528807 0.04013 0.0224614 0.0357745 0.0225083 0.00881397 0.00855152 0.00135912 0.000746735 0 0
 0 0 0 0 5.4009e-05 0.00500934 0.000945158 0.0243581 0.138947 0.33067 0.221406 0.137944 0.0707744 0.0437923 0.0131692 0.00525238 0.0047753 0.00276346 9.45158e-05 9.00151e-06 2.25038e-05 9.00151e-06 4.50075e-06 0 0 0
 0.000866109 0.00284123 0.00948549 0.0512746 0.133035 0.25785 0.225252 0.132002 0.0553304 0.0519788 0.0540692 0.017754 0.00435017 0.00159236 0.00146478 0.000404838 0.000125132 0.000115318 0.000107957 0.000100596 0 0 0 0 0 0
 0 0 0 0 0.00144013 0.00171154 0.00461396 0.0210425 0.0478622 0.0707936 0.0888783 0.103762 0.0637923 0.0337046 0.0602308 0.124433 0.169614 0.0934646 0.0462172 0.0250306 0.0313229 0.00938855 0.002487 0.000210481 0 0
 0 0.00764035 0.051015 0.0998891 0.058973 0.0496711 0.0374665 0.0718981 0.12319 0.153886 0.159021 0.0857701 0.0377988 0.023471 0.0147837 0.00900784 0.00315554 0.000888139 0.00291439 0.00214683 0.00393193 0.00274676 0.000635225 9.99891e-05 0 0
 0 0 0 0 0 0 0 0 0 0 0 0 0 0 0 0 0 0 0 0 0 0 0 0 0 0
 0 0 0 0 0 0 0 0 0 0 0 0 0 0 0 0 0 0 0 0 0 0 0 0 0 0
 0 0 0 0 0 0 0 0 0 0 0 0 0 0 0 0 0 0 0 0 0 0 0 0 0 0
 0 0 0 0 0 0 0 0 0 0 0 0 0 0 0 0 0 0 0 0 0 0 0 0 0 0
 0 0 0 0 0 0 0 0 0 0 0 0 0 0 0 0 0 0 0 0 0 0 0 0 0 0
 0 0 0 0 0 0 0 0 0 0 0 0 0 0 0 0 0 0 0 0 0 0 0 0 0 0
ppred_pel_tallas
 1.11333e-16 4.42545e-05 0.000430169 0.00285863 0.0129949 0.0404321 0.0861452 0.125734 0.125747 0.0862064 0.0406389 0.0135983 0.00439569 0.00385964 0.00677397 0.0116922 0.0181475 0.0255397 0.0331837 0.0406021 0.0475178 0.0534817 0.0575522 0.0584873 0.0554231 0.0485138
 1.18484e-16 4.01039e-05 0.000389825 0.00259052 0.0117762 0.0366401 0.0780668 0.113947 0.113975 0.0782055 0.0371062 0.0131235 0.00597713 0.00779902 0.0141618 0.0234888 0.0341844 0.043788 0.0498839 0.0515279 0.0498643 0.0473082 0.0459131 0.0461868 0.0470922 0.0469639
 1.13744e-16 5.27873e-05 0.000513111 0.00340981 0.0155005 0.0482279 0.102755 0.149978 0.149996 0.102844 0.0485275 0.0163676 0.00559265 0.00529963 0.00920675 0.0153058 0.0224458 0.0290899 0.0337168 0.0356717 0.0355334 0.0346196 0.0340337 0.0340206 0.0340308 0.0332596
 1.05432e-16 6.44317e-05 0.000626299 0.00416198 0.0189198 0.0588665 0.125422 0.18306 0.183074 0.125491 0.0590994 0.0195928 0.00585324 0.00432424 0.00710525 0.0116922 0.0169522 0.0215698 0.0242575 0.0244474 0.0226255 0.0199744 0.0176121 0.0160254 0.0150345 0.0141484
 1.0357e-16 5.83165e-05 0.000566857 0.00376696 0.0171241 0.0532795 0.113518 0.165688 0.165711 0.113629 0.053652 0.0182001 0.00646832 0.00646567 0.0112664 0.0185472 0.0267456 0.0337057 0.0372708 0.0364513 0.0320081 0.0259197 0.0201779 0.0158517 0.012962 0.0109646
 1.02536e-16 6.57896e-05 0.000639498 0.00424969 0.0193185 0.0601071 0.128065 0.186918 0.186932 0.128135 0.0603413 0.0199955 0.00595084 0.00435885 0.00714636 0.0117542 0.0170284 0.0216272 0.0242227 0.0241929 0.0219659 0.0186817 0.0154599 0.0128597 0.0108498 0.00913487
 1.043e-16 4.44054e-05 0.000431636 0.00286838 0.0130392 0.0405701 0.0864403 0.12617 0.126206 0.0866185 0.0411687 0.0147684 0.00720938 0.00991031 0.0180527 0.0297919 0.0429531 0.0541016 0.0597605 0.0583222 0.0509913 0.0409346 0.0313547 0.0239934 0.0189328 0.0153659
 1.09266e-16 4.21739e-05 0.000409945 0.00272423 0.012384 0.0385313 0.082096 0.119827 0.119855 0.0822296 0.0389806 0.0136845 0.00599879 0.00759186 0.0137803 0.0229718 0.0336873 0.043616 0.0503915 0.052871 0.0516946 0.048601 0.0451106 0.0416922 0.0379328 0.033296
 1.11226e-16 5.05816e-05 0.000491671 0.00326733 0.0148528 0.0462127 0.0984618 0.143712 0.143733 0.0985617 0.0465483 0.0158238 0.00571145 0.00584972 0.0102935 0.0171152 0.0250747 0.0324423 0.037495 0.0394747 0.0389999 0.0375111 0.0362083 0.0353487 0.0343481 0.0324117
 1.05551e-16 6.47022e-05 0.000628929 0.00417945 0.0189992 0.0591136 0.125948 0.183828 0.183842 0.126014 0.0593353 0.01964 0.00579004 0.00415196 0.00677684 0.011158 0.0162039 0.020673 0.0233522 0.0237055 0.0221857 0.0198902 0.0178426 0.016465 0.0155587 0.0146527
 1.0167e-16 7.11901e-05 0.000691993 0.00459854 0.0209043 0.0650411 0.138577 0.20226 0.20227 0.138629 0.0652151 0.021407 0.00586059 0.00344763 0.00530637 0.00866454 0.0124862 0.0157273 0.0173762 0.0169711 0.0148706 0.0120049 0.00931092 0.00729273 0.00596032 0.0050548
 1.01185e-16 6.5676e-05 0.000638394 0.00424235 0.0192851 0.0600033 0.127844 0.186596 0.186613 0.127928 0.0602848 0.0200981 0.00628251 0.00509055 0.00851662 0.0139638 0.0200807 0.0251912 0.0276326 0.0266353 0.0227775 0.0175929 0.0126604 0.00888098 0.00635824 0.00473862
 1.01787e-16 6.18086e-05 0.000600801 0.00399254 0.0181495 0.0564699 0.120316 0.175609 0.175628 0.120412 0.0567943 0.0190865 0.0063453 0.00573918 0.00982711 0.0161652 0.0233188 0.0294009 0.0325239 0.0318037 0.0278662 0.0223918 0.0170859 0.0128867 0.00986882 0.00765551
 1.02697e-16 5.93325e-05 0.000576733 0.0038326 0.0174224 0.0542078 0.115496 0.168575 0.168596 0.115599 0.0545531 0.0184202 0.00633862 0.00605243 0.0104734 0.0172589 0.0249452 0.0315533 0.0350988 0.0346533 0.03087 0.0254914 0.0202593 0.0160911 0.0130035 0.0105731
 1.02211e-16 6.67718e-05 0.000649046 0.00431314 0.0196069 0.0610044 0.129977 0.189708 0.189722 0.130044 0.0612311 0.0202618 0.0059584 0.00424489 0.00690835 0.0113477 0.0164162 0.0208025 0.0232127 0.0230442 0.020724 0.0173823 0.0141367 0.0115579 0.00962804 0.00805167
 1.0037e-16 7.8751e-05 0.000765488 0.00508694 0.0231245 0.0719488 0.153295 0.223739 0.223742 0.153312 0.0720068 0.0232919 0.00550724 0.00168311 0.00182176 0.00288783 0.00415405 0.00522711 0.00576454 0.00560964 0.0048794 0.00388238 0.0029321 0.00220131 0.00170157 0.00135659
 1.01064e-16 3.59429e-05 0.000349378 0.00232174 0.0105543 0.0328387 0.0699684 0.102132 0.102184 0.0702232 0.0336941 0.0130235 0.00851502 0.0138536 0.0256365 0.0422035 0.0605057 0.0754832 0.0820037 0.0776997 0.0644112 0.0470144 0.0306134 0.0182487 0.0104222 0.00606401
 1.01202e-16 7.65653e-05 0.000744242 0.00494575 0.0224827 0.0699519 0.14904 0.217529 0.217532 0.149056 0.0700052 0.0226373 0.00533625 0.00160432 0.00173225 0.00280029 0.0041602 0.00550825 0.00658007 0.00723604 0.00750851 0.00751998 0.00734917 0.00697167 0.0063176 0.00537454
 1.01524e-16 5.37632e-05 0.000522597 0.00347284 0.0157871 0.0491196 0.104656 0.152754 0.152786 0.104809 0.0496339 0.0172719 0.00719726 0.00864412 0.015452 0.0253922 0.0364152 0.0454636 0.0494654 0.0470164 0.0392391 0.0290693 0.0195572 0.0124845 0.00808628 0.00565129
 1.03532e-16 5.66452e-05 0.000550612 0.00365901 0.0166333 0.0517526 0.110265 0.16094 0.16096 0.110366 0.0520926 0.0176165 0.00613137 0.00596268 0.0103786 0.0171806 0.0250037 0.0319789 0.0362137 0.0367912 0.0342451 0.0300726 0.0257162 0.0218562 0.0184341 0.0151423
 1.03328e-16 6.4002e-05 0.000622122 0.00413422 0.0187936 0.0584739 0.124585 0.181839 0.181855 0.124661 0.0587278 0.0195275 0.00597838 0.00465401 0.0077393 0.0127408 0.0184599 0.0234524 0.0262896 0.0263144 0.0240115 0.0206323 0.0173879 0.0148542 0.0129407 0.0112615
 1.02312e-16 6.51818e-05 0.000633591 0.00421043 0.01914 0.0595518 0.126882 0.185191 0.185208 0.126961 0.0598162 0.0199038 0.00612817 0.0048219 0.00802508 0.0131785 0.0190123 0.0239815 0.0265565 0.0260322 0.0229375 0.0186579 0.0145854 0.0114637 0.00930757 0.00774911
 1.05642e-16 3.00133e-05 0.00029174 0.00193872 0.00881316 0.0274213 0.0584258 0.0852846 0.0853344 0.0586695 0.0282398 0.0111778 0.0078759 0.0132581 0.0246713 0.0407802 0.0588376 0.0741861 0.0820808 0.0803122 0.0704887 0.0568797 0.0438014 0.0336016 0.0264098 0.0211898
 1.05809e-16 6.45964e-05 0.0006279 0.00417262 0.0189681 0.0590169 0.125742 0.183526 0.183534 0.125783 0.0591549 0.0193686 0.00518534 0.00286324 0.00438196 0.00733043 0.0109938 0.0147467 0.0179734 0.0203593 0.0219913 0.0231231 0.0238234 0.0238458 0.022825 0.0205987
 1.0507e-16 5.54044e-05 0.00053855 0.00357886 0.016269 0.050619 0.10785 0.157416 0.157441 0.107974 0.0510365 0.0174748 0.00660529 0.00714437 0.0125989 0.020737 0.0298629 0.037557 0.0414071 0.0403385 0.0352732 0.0285174 0.0223723 0.0180386 0.0154515 0.0138429
 1.07896e-16 3.95941e-05 0.000384869 0.00255759 0.0116265 0.0361744 0.0770747 0.1125 0.112535 0.0772466 0.0367519 0.013296 0.00675417 0.00956493 0.0175296 0.0290619 0.0421982 0.0537699 0.0605483 0.0610139 0.0561913 0.0488085 0.0415089 0.0355565 0.0308017 0.0265045
 1.05969e-16 6.36672e-05 0.000618868 0.00411259 0.0186953 0.0581679 0.123933 0.180887 0.180898 0.123989 0.0583543 0.0192348 0.00547216 0.00360387 0.00578307 0.00959228 0.0141239 0.0184207 0.0215437 0.0230578 0.0232412 0.0227811 0.0222179 0.0216106 0.0206382 0.018959
 1.04163e-16 5.96418e-05 0.00057974 0.00385258 0.0175133 0.0544904 0.116098 0.169453 0.169474 0.116202 0.0548377 0.0185165 0.00637094 0.00607816 0.0105049 0.0172803 0.0249091 0.0313772 0.0346818 0.033921 0.029837 0.0243094 0.019214 0.0155309 0.0132204 0.0116875
 1.0791e-16 3.10485e-05 0.000301803 0.00200559 0.00911714 0.0283671 0.0604407 0.0882244 0.0882694 0.0606608 0.0291065 0.0112542 0.00737452 0.0120373 0.0223629 0.0370364 0.0536178 0.0679864 0.0759385 0.0755078 0.0680773 0.0573163 0.0468538 0.0385417 0.0323243 0.0272463
 1.15414e-16 3.9533e-05 0.000384275 0.00255364 0.0116085 0.0361185 0.076955 0.112322 0.112343 0.0770567 0.0364607 0.0126012 0.00506171 0.00591359 0.0107002 0.0180456 0.026974 0.0359876 0.0435448 0.0488965 0.0523681 0.0547654 0.0564451 0.0569052 0.0552027 0.0507458
pSPR Fmed_Fpbrs
0.528918   0.6 0.325
Fs Fmed_Fpbrs
0.381321   0.298319 0.737955
SSBpbr Bo_Bmed_Bpbrs
1.50971e+06  723026  830339 415170
Ro
135046
SPR SPRFo_SPRFmed_SPRFpbrs
961314 508456 312427
Fref
0.298319
log_Ro
11.6334
likeval ReclasPelacesDesembMPH_pf_preclas_ppelaces_ptallas_desvR_qrecl_qpela
 12.2825 16.3666 0.033661 0.000817981 229.004 103.984 77.6643 0 23.7429 3.61883e-06 1.83371e-05 0.169847 7.27942e-16 0 0
q_reclas_q_pelaces
1.3094 1.83901
M
1
N
 169672 36036.8 89156.7 6054.41 0.218406
 93767.8 53927.4 10806.9 26620.3 1807.36
 94409 26337.8 13606.9 2704.9 7112.18
 142467 26645.3 6690.17 3429.1 2472.93
 115500 35019.7 5579.79 1384.22 1220.35
 212646 37154.3 10680.1 1694.89 790.977
 83311 61356.4 9733.67 2777.75 646.284
 35378.2 17508.1 10321.5 1610.26 565.932
 34847.1 11821.2 5630.62 3309.88 697.752
 47250.7 8740.03 2546.15 1198.98 852.852
 88252.4 10185 1523.33 436.749 351.648
 126943 28885.6 3182.34 474.309 245.431
 105995 29201.5 5513.55 598.972 135.364
 73689.4 25097.3 5803.45 1081.43 143.93
 67495.6 12517.9 3135.95 708.612 149.432
 364344 14094.2 2087.1 514.09 140.534
 72290.3 86182.4 2797.14 408.78 128.122
 586527 19926.1 21180.4 681.532 130.757
 332586 164316 5009.42 5281.6 202.465
 275019 83581.7 35489.9 1069.72 1170.36
 364245 71583.3 18959.9 7967.88 502.637
 495587 102249 18046.6 4741.48 2117.38
 97434.4 129166 23237.7 4059.39 1541.96
 289243 29142.7 35582.4 6362.04 1533.03
 243244 88523.9 8290.22 10066.7 2232.94
 107500 74500.9 25208.5 2347.88 3482.35
 244413 34098.1 22278.9 7505.1 1735.36
 270152 75067 9747.64 6334.66 2626.61
 75648.7 85645.8 22432 2899.94 2665.34
 58067.4 24080.6 25739.2 6712.42 1664.93
pred_Ctot
 14766.2 4280.99 10798.7 734.069 0.0264822
 14327.9 11040.4 2252.69 5554.29 377.122
 14196.6 5310.09 2793.35 555.823 1461.54
 30874.2 7591.87 1938.16 994.297 717.082
 9269.26 3843.52 624.476 155.08 136.727
 29569.5 6949.66 2034.6 323.197 150.838
 23619.4 22403.4 3608.38 1030.57 239.787
 2067.37 1407.58 846.544 132.211 46.4685
 7230.7 3233.88 1566.51 921.672 194.306
 12911.6 3085.83 912.901 430.236 306.046
 6211.54 983.036 149.957 43.039 34.6548
 31228.7 9259.67 1036.58 154.628 80.0158
 24743.1 8916.95 1711.23 186.062 42.0508
 26664 11402.1 2672.07 498.273 66.3188
 19307.3 4608.03 1171.95 265.031 55.892
 85212.3 4311.37 648.902 159.974 43.733
 11729.5 18684.2 617.313 90.3009 28.3041
 90396.1 4113.08 4451.31 143.369 27.5077
 68706.9 44765.6 1387.95 1464.67 56.1495
 52292.7 21061.4 9098.22 274.486 300.323
 55768 14682.9 3959.66 1665.63 105.078
 93917.2 25684 4611.93 1212.82 541.631
 11710.9 20995.6 3848.52 672.968 255.64
 31191.9 4265.06 5307.19 949.868 228.897
 26133.6 12908.7 1232.04 1497.56 332.198
 9476.7 8962.21 3091.79 288.261 427.57
 25890.7 4904.54 3265.97 1101.32 254.665
 23893.5 9059.2 1199.35 780.221 323.53
 6518.41 10076 2690.78 348.215 320.063
 7467.64 4178.14 4549.41 1187.59 294.582
F
 0.146231 0.204354 0.20872 0.208955 0.208968
 0.269818 0.377063 0.38512 0.385554 0.385576
 0.265024 0.370364 0.378277 0.378703 0.378725
 0.4032 0.563461 0.5755 0.576148 0.576182
 0.134189 0.187525 0.191532 0.191748 0.191759
 0.24293 0.339488 0.346742 0.347133 0.347153
 0.55992 0.782474 0.799192 0.800092 0.80014
 0.096203 0.134441 0.137314 0.137468 0.137476
 0.383056 0.535311 0.546749 0.547364 0.547396
 0.534548 0.747017 0.762979 0.763837 0.763883
 0.116857 0.163304 0.166793 0.166981 0.166991
 0.469516 0.656136 0.670156 0.67091 0.67095
 0.440628 0.615766 0.628923 0.629631 0.629668
 0.7727 1.07983 1.1029 1.10414 1.10421
 0.566295 0.791382 0.808291 0.809201 0.809249
 0.441631 0.617168 0.630355 0.631065 0.631102
 0.288657 0.403391 0.41201 0.412474 0.412498
 0.272429 0.380712 0.388847 0.389285 0.389308
 0.381075 0.532542 0.543921 0.544533 0.544565
 0.345981 0.483499 0.493829 0.494385 0.494415
 0.270419 0.377903 0.385978 0.386412 0.386435
 0.344646 0.481633 0.491924 0.492478 0.492507
 0.206977 0.289244 0.295424 0.295757 0.295775
 0.183994 0.257127 0.262621 0.262916 0.262932
 0.183253 0.256091 0.261563 0.261857 0.261873
 0.148247 0.207172 0.211598 0.211837 0.211849
 0.180479 0.252215 0.257604 0.257894 0.257909
 0.148765 0.207895 0.212337 0.212576 0.212589
 0.144694 0.202206 0.206526 0.206759 0.206771
 0.222876 0.311464 0.318119 0.318477 0.318496
nmprior
 8 8 7 0
nm_flota  nm_reclas  nm_pelaces    nm_pelaL
inf 13.2414 14.9806 25.7415
cv_recla  cv_pelaces  cv_mph
0.324466 0.476041 0.882626
 ------------------------------------------------
Talla a la edad & desviación 
 8 13.2811 15.8009 17.003 17.5766
 0.8 1.32811 1.58009 1.7003 1.75766
