years
 1991 1992 1993 1994 1995 1996 1997 1998 1999 2000 2001 2002 2003 2004 2005 2006 2007 2008 2009 2010 2011 2012 2013 2014 2015 2016 2017 2018 2019 2020
reclasobs
 0 0 0 0 0 0 0 0 0 252601 567819 844713 477998 351125 339783 2.1784e+06 2.13404e+06 4.81314e+06 1.55562e+06 2.62356e+06 3.21686e+06 3.843e+06 1.13348e+06 3.07943e+06 1.97215e+06 2.03268e+06 2.025e+06 2.42433e+06 2.27542e+06 1.05018e+06
reclaspred
 3.34348e+06 1.86297e+06 940914 922194 907226 1.45954e+06 883105 772526 560986 403940 496620 651029 638639 486179 488286 1.39471e+06 1.33014e+06 3.04371e+06 2.52475e+06 1.93832e+06 3.4166e+06 2.72849e+06 2.13739e+06 3.27192e+06 2.43843e+06 2.1552e+06 2.60922e+06 2.7825e+06 2.2514e+06 1.3918e+06
pelacesobs
 0 0 0 0 0 0 0 0 0 0 0 0 0 0 0 552880 188675 0 991730 2.46772e+06 1.41603e+06 1.21717e+06 2.29649e+06 1.80582e+06 0 1.4828e+06 1.56532e+06 1.57751e+06 1.42118e+06 867257
pelacespred
 1.52419e+06 941266 473330 379162 392651 651482 357205 396901 273091 184969 238429 260033 281161 222833 231231 555451 532106 1.40907e+06 1.20211e+06 852037 1.46809e+06 1.27062e+06 994506 1.66669e+06 1.19515e+06 1.05431e+06 1.45647e+06 1.53281e+06 1.02035e+06 716044
mphobs
 0 0 0 0 0 0 0 0 0 0 0 498337 0 5186 125008 0 168611 109162 213762 579715 649985 157893 87575 83554 0 0 0 0 0 0
mphpred
 2.89393e+06 1.93327e+06 955512 521138 552784 625012 825413 487335 434865 292862 191757 336536 361077 301198 195882 250479 918949 859130 1.7274e+06 1.31158e+06 1.4561e+06 1.78589e+06 1.66201e+06 1.35386e+06 1.87526e+06 1.53509e+06 1.26436e+06 1.38143e+06 1.93411e+06 1.28813e+06
desembarqueobs
 494567 514787 250237 358949 120608 361735 552515 73892 212993 205616 52469 317467 293654 387597 252695 516296 358380 742168 942051 627588 828172 859565 418607 520667 417249 300574 407403 355545 319650 289779
desembarquepred
 494573 513636 250785 358981 120613 361747 552553 73896.6 213045 205663 52471.6 317530 293700 387617 252684 516247 358404 742069 941828 627441 828222 859550 418608 520685 417243 300570 407396 355526 319639 289785
Reclutas
 190469 107056 106556 168761 135138 237744 96966.1 42984.4 41484.1 55942.8 104533 141031 117446 81762.7 79914.4 461191 92890 695837 411475 333481 464582 610471 126790 374410 313890 142554 326174 360264 99047.2 75974.2
log_desv_Rt
 0.149375 -0.426767 -0.431448 0.0283673 -0.193822 0.371079 -0.525755 -1.33928 -1.37481 -1.07579 -0.450619 -0.151138 -0.334141 -0.696296 -0.71916 1.0337 -0.568701 1.445 0.919632 0.709468 1.04102 1.31411 -0.257584 0.825235 0.648925 -0.140397 0.687315 0.78672 -0.50452 -0.769724
SSB
 2.89393e+06 1.93327e+06 955512 521138 552784 625012 825413 487335 434865 292862 191757 336536 361077 301198 195882 250479 918949 859130 1.7274e+06 1.31158e+06 1.4561e+06 1.78589e+06 1.66201e+06 1.35386e+06 1.87526e+06 1.53509e+06 1.26436e+06 1.38143e+06 1.93411e+06 1.28813e+06
BT
 3.93337e+06 2.67799e+06 1.33952e+06 1.17534e+06 1.00096e+06 1.81128e+06 1.31808e+06 980731 841483 624726 595166 865281 915098 917056 786732 1.69792e+06 1.50661e+06 3.90575e+06 3.6771e+06 2.52413e+06 4.05644e+06 3.73489e+06 2.65885e+06 4.32914e+06 3.14206e+06 2.69809e+06 3.77501e+06 3.89138e+06 2.6177e+06 1.93457e+06
Ftot
 0.145859 0.266467 0.260544 0.401883 0.137415 0.264842 0.598455 0.0984765 0.385625 0.511458 0.117572 0.503847 0.473267 0.803508 0.557209 0.419456 0.268654 0.270673 0.381296 0.334318 0.255301 0.328069 0.195047 0.1731 0.175128 0.141762 0.169029 0.139625 0.138497 0.206029
BD_Bspro_t
 0.976933 0.833989 0.664955 0.571652 0.556499 0.633545 0.624092 0.44777 0.505323 0.45704 0.422522 0.64664 0.52826 0.435601 0.323403 0.381774 0.582839 0.553037 0.654578 0.559926 0.539275 0.586301 0.597962 0.588473 0.692661 0.699718 0.707417 0.748763 0.794666 0.723697
BD_Bspro
 2.47829 1.65561 0.818279 0.446291 0.473392 0.535246 0.706866 0.417343 0.372409 0.2508 0.164217 0.288202 0.309219 0.25794 0.167749 0.214505 0.786968 0.73574 1.47931 1.12321 1.24697 1.5294 1.42331 1.15942 1.60593 1.31462 1.08277 1.18302 1.65633 1.10313
BD_Bo
 1.56419 1.04495 0.516463 0.28168 0.298785 0.337825 0.446143 0.263409 0.235049 0.158294 0.103647 0.181901 0.195166 0.1628 0.105876 0.135386 0.4967 0.464367 0.933676 0.708922 0.787034 0.965289 0.898333 0.731775 1.01359 0.82973 0.683397 0.746674 1.0454 0.696247
BD_Brms
 9.54693 6.37776 3.15219 1.71921 1.82361 2.06188 2.723 1.6077 1.4346 0.966137 0.632598 1.11022 1.19118 0.993639 0.646207 0.826319 3.03157 2.83423 5.69861 4.32685 4.8036 5.89156 5.4829 4.46633 6.18638 5.06419 4.17105 4.55726 6.38054 4.24948
Sel_flota
 0.787225 1 1 1 1
 0.787225 1 1 1 1
 0.787225 1 1 1 1
 0.787225 1 1 1 1
 0.787225 1 1 1 1
 0.787225 1 1 1 1
 0.787225 1 1 1 1
 0.787225 1 1 1 1
 0.787225 1 1 1 1
 0.787225 1 1 1 1
 0.787225 1 1 1 1
 0.787225 1 1 1 1
 0.787225 1 1 1 1
 0.787225 1 1 1 1
 0.787225 1 1 1 1
 0.787225 1 1 1 1
 0.787225 1 1 1 1
 0.787225 1 1 1 1
 0.787225 1 1 1 1
 0.787225 1 1 1 1
 0.787225 1 1 1 1
 0.787225 1 1 1 1
 0.787225 1 1 1 1
 0.787225 1 1 1 1
 0.787225 1 1 1 1
 0.787225 1 1 1 1
 0.787225 1 1 1 1
 0.787225 1 1 1 1
 0.787225 1 1 1 1
 0.787225 1 1 1 1
Sel_reclas
 1 1 1 1 1
 1 1 1 1 1
 1 1 1 1 1
 1 1 1 1 1
 1 1 1 1 1
 1 1 1 1 1
 1 1 1 1 1
 1 1 1 1 1
 1 1 1 1 1
 1 1 1 1 1
 1 1 1 1 1
 1 1 1 1 1
 1 1 1 1 1
 1 1 1 1 1
 1 1 1 1 1
 1 1 1 1 1
 1 1 1 1 1
 1 1 1 1 1
 1 1 1 1 1
 1 1 1 1 1
 1 1 1 1 1
 1 1 1 1 1
 1 1 1 1 1
 1 1 1 1 1
 1 1 1 1 1
 1 1 1 1 1
 1 1 1 1 1
 1 1 1 1 1
 1 1 1 1 1
 1 1 1 1 1
Sel_pelaces
 1 1 1 1 1
 1 1 1 1 1
 1 1 1 1 1
 1 1 1 1 1
 1 1 1 1 1
 1 1 1 1 1
 1 1 1 1 1
 1 1 1 1 1
 1 1 1 1 1
 1 1 1 1 1
 1 1 1 1 1
 1 1 1 1 1
 1 1 1 1 1
 1 1 1 1 1
 1 1 1 1 1
 1 1 1 1 1
 1 1 1 1 1
 1 1 1 1 1
 1 1 1 1 1
 1 1 1 1 1
 1 1 1 1 1
 1 1 1 1 1
 1 1 1 1 1
 1 1 1 1 1
 1 1 1 1 1
 1 1 1 1 1
 1 1 1 1 1
 1 1 1 1 1
 1 1 1 1 1
 1 1 1 1 1
pf_obs 
 0.8446 0.082 0.0669 0.0065 0
 0.8095 0.147 0.0364 0.0071 0
 0.9664 0.0169 0.016 0.0007 0
 0.9276 0.0648 0.0075 0.0001 0
 0.7033 0.2144 0.0806 0.0017 0
 0.9318 0.0425 0.0243 0.0014 0
 0.5671 0.3108 0.0964 0.0239 0.0018
 0.0768 0.2599 0.5324 0.112 0.0189
 0.490249 0.384438 0.106611 0.0170017 0.00170017
 0.7925 0.1577 0.0466 0.003 0.0002
 0.840416 0.127587 0.0312969 0.00059994 9.999e-05
 0.8084 0.0986 0.0794 0.0134 0.0002
 0.7335 0.1905 0.0724 0.0035 0.0001
 0.4001 0.4547 0.1325 0.0127 0
 0.49795 0.308269 0.164784 0.0264974 0.00249975
 0.9179 0.0499 0.0305 0.0017 0
 0.2467 0.6533 0.0926 0.0074 0
 0.9418 0.0223 0.034 0.0019 0
 0.707729 0.231977 0.0356964 0.0245975 0
 0.517169 0.277429 0.184464 0.0207286 0.00020938
 0.811772 0.124168 0.05621 0.00726502 0.000585176
 0.764997 0.148141 0.077277 0.00933861 0.000247198
 0.163321 0.427699 0.378323 0.0303852 0.000271297
 0.753843 0.0900009 0.118128 0.0371064 0.000921714
 0.721811 0.176058 0.0630433 0.0369309 0.00215725
 0.143369 0.312575 0.442814 0.0836902 0.0175525
 0.692698 0.0596174 0.167031 0.0765114 0.00414204
 0.394062 0.376323 0.152708 0.0712218 0.00568511
 0.125707 0.32114 0.495352 0.0537591 0.00404204
 0.23352 0.215282 0.420074 0.123614 0.00750983
pf_pred 
 0.454071 0.127627 0.393877 0.0244241 7.94657e-07
 0.417014 0.302184 0.0656459 0.202593 0.0125631
 0.565499 0.210545 0.116085 0.025218 0.0826527
 0.730746 0.169869 0.0481588 0.0265525 0.0246737
 0.651055 0.273613 0.0475262 0.0134739 0.0143321
 0.752024 0.175286 0.056997 0.00990031 0.00579235
 0.474149 0.420363 0.0745663 0.0242464 0.00667561
 0.458991 0.299485 0.193074 0.0342484 0.0142025
 0.545956 0.236911 0.120198 0.0774897 0.0194457
 0.715214 0.175491 0.0570278 0.0289332 0.0233337
 0.823722 0.136323 0.0246212 0.00800093 0.00733299
 0.738907 0.223922 0.0287455 0.00519171 0.00323337
 0.686065 0.249082 0.0556198 0.00714007 0.0020927
 0.632203 0.274762 0.0738155 0.0164829 0.00273613
 0.744847 0.180862 0.0554986 0.0149098 0.00388202
 0.940665 0.0474471 0.00842647 0.00258571 0.000875521
 0.369454 0.602229 0.0226437 0.00402146 0.00165184
 0.898147 0.0443185 0.0549504 0.00206613 0.00051766
 0.59809 0.370002 0.0138838 0.0172145 0.000809433
 0.615626 0.255649 0.118505 0.00444676 0.00577277
 0.72937 0.184002 0.0576167 0.0267081 0.00230322
 0.733689 0.207612 0.0399095 0.0124969 0.00629246
 0.31475 0.537902 0.11487 0.0220815 0.0103959
 0.736767 0.0985142 0.1293 0.0276122 0.00780686
 0.620755 0.297407 0.0306277 0.0401989 0.0110117
 0.434396 0.384656 0.141901 0.0146133 0.0244339
 0.734603 0.132245 0.0905542 0.0334057 0.00919233
 0.681299 0.249297 0.0345833 0.0236808 0.0111398
 0.327973 0.493472 0.139671 0.0193756 0.0195085
 0.418845 0.224804 0.26167 0.0740622 0.0206188
pobs_RECLAS
 0 0 0 0 0
 0 0 0 0 0
 0 0 0 0 0
 0 0 0 0 0
 0 0 0 0 0
 0 0 0 0 0
 0 0 0 0 0
 0 0 0 0 0
 0 0 0 0 0
 0 0 0 0 0
 0.991045 0.00858322 0.000360255 1.14367e-05 0
 0.934742 0.0480273 0.0164251 0.00080598 0
 0.827803 0.169806 0.00239088 0 0
 0.941827 0.0461693 0.0120037 0 0
 0.791401 0.0380133 0.147996 0.0225897 0
 0.846168 0.0940531 0.0597789 0 0
 0.134021 0.677848 0.182769 0.00536245 0
 0.80878 0.0450904 0.141981 0.00414843 0
 0.846168 0.0940531 0.0597789 0 0
 0.905697 0.0802665 0.012482 0.00150086 5.37128e-05
 0.989698 0.0102097 9.19794e-05 0 0
 0.975433 0.0193895 0.00387452 0.00125025 5.28907e-05
 0.303575 0.632131 0.0575291 0.00676475 0
 0.966965 0.00978017 0.0227588 0.000495775 0
 0.843318 0.132988 0.00938335 0.0141283 0.000182051
 0.564624 0.303363 0.111486 0.0197234 0.00080311
 0.826376 0.0876187 0.0782897 0.00655872 0.00115652
 0.89761 0.0855135 0.0140674 0.00269457 0.000114338
 0.34875 0.467042 0.161289 0.0227151 0.000203297
 0.318654 0.224769 0.449479 0.00709798 0
ppred_RECLAS
 0.514463 0.113509 0.350305 0.0217222 7.0675e-07
 0.477491 0.270836 0.058836 0.181577 0.0112598
 0.62441 0.181999 0.100346 0.0217989 0.0714464
 0.776789 0.140821 0.0399235 0.022012 0.0204544
 0.70383 0.232231 0.0403383 0.0114361 0.0121645
 0.794839 0.145022 0.0471561 0.00819096 0.00479226
 0.537784 0.369493 0.0655427 0.0213122 0.00586777
 0.519165 0.266174 0.171599 0.0304391 0.0126228
 0.606474 0.205334 0.104177 0.0671614 0.0168539
 0.763661 0.145637 0.0473265 0.0240113 0.0193643
 0.856101 0.111283 0.0200988 0.00653134 0.00598608
 0.784496 0.184824 0.0237263 0.0042852 0.0026688
 0.737417 0.208339 0.0465219 0.00597214 0.00175039
 0.690887 0.230922 0.0620378 0.013853 0.00229957
 0.789984 0.148867 0.0456807 0.0122722 0.00319528
 0.953138 0.0374733 0.00665515 0.00204217 0.000691479
 0.428112 0.546205 0.0205372 0.00364735 0.00149817
 0.918479 0.0354716 0.0439811 0.00165368 0.000414324
 0.656009 0.316681 0.011883 0.0147337 0.000692786
 0.672113 0.218079 0.10109 0.00379328 0.00492442
 0.774883 0.153058 0.0479269 0.0222164 0.00191588
 0.779023 0.172271 0.0331157 0.0103695 0.00522129
 0.3694 0.495004 0.105709 0.0203205 0.00956684
 0.781075 0.0819321 0.107536 0.0229644 0.00649279
 0.676013 0.254073 0.0261651 0.0343417 0.0094072
 0.49452 0.343767 0.126817 0.0130599 0.0218366
 0.77915 0.110047 0.0753545 0.0277985 0.00764939
 0.731396 0.21011 0.0291471 0.0199584 0.00938872
 0.383334 0.452821 0.128165 0.0177794 0.0179014
 0.479001 0.201534 0.234584 0.066396 0.0184845
pobs_PELACES
 0 0 0 0 0
 0 0 0 0 0
 0 0 0 0 0
 0 0 0 0 0
 0 0 0 0 0
 0 0 0 0 0
 0 0 0 0 0
 0 0 0 0 0
 0 0 0 0 0
 0 0 0 0 0
 0 0 0 0 0
 0 0 0 0 0
 0 0 0 0 0
 0 0 0 0 0
 0 0 0 0 0
 0 0 0 0 0
 0.505614 0.472636 0.0217494 0 0
 0 0 0 0 0
 0.443492 0.261883 0.143347 0.151278 0
 0.227955 0.32914 0.350689 0.0885471 0.00366901
 0.970185 0.0296113 0.000203453 0 0
 0.997202 0.00247181 0.000326279 0 0
 0.445219 0.490057 0.0546422 0.010081 0
 0.90214 0.0892962 0.00764917 0.000914606 0
 0 0 0 0 0
 0.581667 0.319106 0.0959925 0.00289975 0.000334073
 0.762889 0.0836404 0.116647 0.0363945 0.000428098
 0.88444 0.0763242 0.0277011 0.0115352 0
 0.521256 0.241999 0.230069 0.00667565 0
 0.616807 0.101726 0.260614 0.0208532 0
ppred_PELACES
 0.517021 0.112911 0.34846 0.0216078 7.03027e-07
 0.482161 0.268416 0.0583101 0.179954 0.0111592
 0.628691 0.179925 0.099202 0.0215504 0.0706322
 0.781643 0.137759 0.0390552 0.0215332 0.0200096
 0.705837 0.230657 0.0400649 0.0113586 0.0120821
 0.797855 0.14289 0.0464629 0.00807055 0.00472181
 0.548211 0.361158 0.0640642 0.0208314 0.0057354
 0.520891 0.265219 0.170983 0.0303299 0.0125775
 0.612917 0.201972 0.102471 0.0660617 0.0165779
 0.770081 0.141681 0.0460409 0.023359 0.0188382
 0.857115 0.110499 0.0199572 0.00648532 0.0059439
 0.790417 0.179746 0.0230744 0.00416746 0.00259547
 0.7438 0.203274 0.0453909 0.00582695 0.00170783
 0.702805 0.222019 0.059646 0.0133189 0.00221091
 0.796402 0.144318 0.0442848 0.0118972 0.00309764
 0.954436 0.0364353 0.0064708 0.0019856 0.000672325
 0.432737 0.541788 0.0203712 0.00361786 0.00148606
 0.919891 0.0348573 0.0432195 0.00162505 0.000407149
 0.662025 0.311143 0.0116752 0.0144761 0.00068067
 0.677265 0.214652 0.0995017 0.00373367 0.00484704
 0.777995 0.150942 0.0472645 0.0219094 0.00188939
 0.782963 0.169199 0.0325252 0.0101846 0.0051282
 0.372596 0.492495 0.105173 0.0202175 0.00951836
 0.783146 0.0811569 0.106518 0.0227472 0.00643137
 0.6787 0.251966 0.0259481 0.0340568 0.00932917
 0.497008 0.342075 0.126192 0.0129956 0.0217291
 0.781186 0.109033 0.07466 0.0275423 0.00757889
 0.733317 0.208607 0.0289386 0.0198156 0.00932155
 0.385635 0.451131 0.127687 0.0177131 0.0178346
 0.482612 0.200137 0.232958 0.0659358 0.0183564
pobs_pel_tallas
 0 0 0 0 0 0 0 0 0 0 0 0 0 0 0 0 0 0 0 0 0 0 0 0 0 0
 0 0 0 0 0 0 0 0 0 0 0 0 0 0 0 0 0 0 0 0 0 0 0 0 0 0
 0 0 0 0 0 0 0 0 0 0 0 0 0 0 0 0 0 0 0 0 0 0 0 0 0 0
 0 0 0 0 0 0 0 0 0 0 0 0 0 0 0 0 0 0 0 0 0 0 0 0 0 0
 0 0 0 0 0 0 0 0 0 0 0 0 0 0 0 0 0 0 0 0 0 0 0 0 0 0
 0 0 0 0 0 0 0 0 0 0 0 0 0 0 0 0 0 0 0 0 0 0 0 0 0 0
 0 0 0 0 0 0 0 0 0 0 0 0 0 0 0 0 0 0 0 0 0 0 0 0 0 0
 0 0 0 0 0 0 0 0 0 0 0 0 0 0 0 0 0 0 0 0 0 0 0 0 0 0
 0 0 0 0 0 0 0 0 0 0 0 0 0 0 0 0 0 0 0 0 0 0 0 0 0 0
 0 0 0 0 0 0 0 0 0 0 0 0 0 0 0 0 0 0 0 0 0 0 0 0 0 0
 0 0 0 0 0 0 0 0 0 0 0 0 0 0 0 0 0 0 0 0 0 0 0 0 0 0
 0 0 0 0 0 0 0 0 0 0 0 0 0 0 0 0 0 0 0 0 0 0 0 0 0 0
 0.00862536 0 0 0.000197151 0.00414017 0.0128641 0.00837892 0.0270097 0.101434 0.158115 0.152841 0.127902 0.109271 0.109419 0.0830992 0.0579132 0.0238553 0.00714673 0.00463305 0.00128148 0.00103504 0.000492878 0.000147863 0.000147863 4.92878e-05 0
 0 0 0 0 0 0 0 0 0 0 0 0 0 0 0 0 0 0 0 0 0 0 0 0 0 0
 0 0 0 0 0 0 0 0.0054083 0.00873648 0.0413646 0.0450493 0.0745869 0.0622846 0.0627006 0.0613931 0.0827291 0.12552 0.122667 0.0946155 0.0697135 0.0546179 0.0294188 0.0215738 0.0213955 0.0102223 0.00600262
 0 0 0 0 0.00359764 0.0251062 0.0480494 0.140153 0.205849 0.193036 0.1447 0.116669 0.0760912 0.0342217 0.00950174 0.001854 0.000860785 0 0 0 0.000165536 0 0.000143464 0 0 0
 0 0 0 0 0 0 0 0.000145254 0.000435761 0.0275982 0.070085 0.0708112 0.156366 0.174668 0.174014 0.160142 0.0824315 0.0480064 0.0283245 0.00493863 0.00203355 0 0 0 0 0
 0 0 0 0 0 0 0 0 0 0 0 0 0 0 0 0 0 0 0 0 0 0 0 0 0 0
 0 0 1.00437e-05 0.000401748 0.00122533 0.00171747 0.00176769 0.0269171 0.070346 0.194647 0.189555 0.159765 0.064822 0.0314167 0.0384472 0.0292271 0.0345202 0.0313363 0.0194345 0.0106764 0.0143323 0.0359363 0.0279516 0.0138201 0.00172751 0
 0 0.0021121 0.0136068 0.0755702 0.200478 0.177729 0.0527432 0.0373336 0.0318909 0.0142505 0.0149659 0.0166563 0.0217959 0.0798694 0.0677717 0.0528807 0.04013 0.0224614 0.0357745 0.0225083 0.00881397 0.00855152 0.00135912 0.000746735 0 0
 0 0 0 0 5.4009e-05 0.00500934 0.000945158 0.0243581 0.138947 0.33067 0.221406 0.137944 0.0707744 0.0437923 0.0131692 0.00525238 0.0047753 0.00276346 9.45158e-05 9.00151e-06 2.25038e-05 9.00151e-06 4.50075e-06 0 0 0
 0.000866109 0.00284123 0.00948549 0.0512746 0.133035 0.25785 0.225252 0.132002 0.0553304 0.0519788 0.0540692 0.017754 0.00435017 0.00159236 0.00146478 0.000404838 0.000125132 0.000115318 0.000107957 0.000100596 0 0 0 0 0 0
 0 0 0 0 0.00144013 0.00171154 0.00461396 0.0210425 0.0478622 0.0707936 0.0888783 0.103762 0.0637923 0.0337046 0.0602308 0.124433 0.169614 0.0934646 0.0462172 0.0250306 0.0313229 0.00938855 0.002487 0.000210481 0 0
 0 0.00764035 0.051015 0.0998891 0.058973 0.0496711 0.0374665 0.0718981 0.12319 0.153886 0.159021 0.0857701 0.0377988 0.023471 0.0147837 0.00900784 0.00315554 0.000888139 0.00291439 0.00214683 0.00393193 0.00274676 0.000635225 9.99891e-05 0 0
 0 0 0 0 0 0 0 0 0 0 0 0 0 0 0 0 0 0 0 0 0 0 0 0 0 0
 0 0 0 0 0 0 0 0 0 0 0 0 0 0 0 0 0 0 0 0 0 0 0 0 0 0
 0 0 0 0 0 0 0 0 0 0 0 0 0 0 0 0 0 0 0 0 0 0 0 0 0 0
 0 0 0 0 0 0 0 0 0 0 0 0 0 0 0 0 0 0 0 0 0 0 0 0 0 0
 0 0 0 0 0 0 0 0 0 0 0 0 0 0 0 0 0 0 0 0 0 0 0 0 0 0
 0 0 0 0 0 0 0 0 0 0 0 0 0 0 0 0 0 0 0 0 0 0 0 0 0 0
ppred_pel_tallas
 1.12252e-16 4.25864e-05 0.000413955 0.00275088 0.0125051 0.038908 0.0828981 0.120995 0.121006 0.082954 0.0390974 0.0130587 0.00416543 0.0035842 0.006304 0.0109803 0.017267 0.0247325 0.0328507 0.0411981 0.0493815 0.0566834 0.061838 0.0633478 0.0602523 0.0527856
 1.21687e-16 3.9715e-05 0.000386044 0.0025654 0.011662 0.0362848 0.0773096 0.112841 0.112867 0.0774365 0.0367113 0.0128951 0.00566637 0.00717474 0.0129925 0.0215832 0.031508 0.0405807 0.046682 0.049046 0.0487871 0.0481028 0.048737 0.0508884 0.053259 0.0539938
 1.17023e-16 5.17845e-05 0.000503363 0.00334503 0.015206 0.0473117 0.100803 0.147129 0.147146 0.100889 0.047599 0.0160377 0.00543931 0.0050979 0.00884548 0.0147226 0.0216381 0.0281512 0.0328494 0.0351577 0.0356765 0.0356859 0.0362084 0.0373778 0.0385044 0.0386239
 1.06709e-16 6.4383e-05 0.000625825 0.00415883 0.0189054 0.0588219 0.125327 0.182921 0.182934 0.125392 0.0590406 0.0195376 0.00574778 0.00410159 0.00668685 0.0110104 0.0159946 0.0204203 0.0231027 0.0235318 0.0221777 0.0201436 0.0184447 0.017476 0.0169891 0.0164442
 1.04399e-16 5.81389e-05 0.000565131 0.00375549 0.0170719 0.0531173 0.113173 0.165184 0.165206 0.113282 0.0534823 0.0181266 0.00640348 0.00634831 0.0110493 0.0181959 0.0262575 0.0331317 0.0367188 0.036062 0.0319141 0.0262087 0.0208767 0.0169298 0.0143431 0.0125397
 1.02986e-16 6.57183e-05 0.000638805 0.00424508 0.0192975 0.0600419 0.127926 0.186715 0.186729 0.127994 0.0602687 0.0199533 0.00589314 0.00424335 0.00693145 0.0114075 0.0165492 0.0210678 0.0236899 0.0238202 0.0218689 0.01892 0.0160244 0.0136849 0.0118394 0.0101856
 1.05001e-16 4.51555e-05 0.000438928 0.00291683 0.0132595 0.0412554 0.0879003 0.1283 0.128335 0.0880706 0.041827 0.0149108 0.00706302 0.00949408 0.0172544 0.0284848 0.0411036 0.0518479 0.0574181 0.0562932 0.0496206 0.0403973 0.0316308 0.0249208 0.0202874 0.0169236
 1.10173e-16 4.29052e-05 0.000417053 0.00277147 0.0125987 0.0391994 0.0835194 0.121904 0.12193 0.0836455 0.0396233 0.0138259 0.00586226 0.00719899 0.013025 0.0217318 0.0319253 0.0414541 0.0481185 0.0508613 0.0502794 0.0479666 0.0452746 0.0425452 0.0392994 0.0349794
 1.1244e-16 5.04852e-05 0.000490734 0.0032611 0.0148245 0.0461247 0.0982742 0.143438 0.143458 0.09837 0.0464469 0.0157572 0.00560933 0.00564046 0.0099009 0.0164752 0.024175 0.0313618 0.0364104 0.0386206 0.0385997 0.037717 0.0370747 0.036837 0.0363428 0.0347394
 1.06896e-16 6.34306e-05 0.000616568 0.00409731 0.0186258 0.0579518 0.123473 0.180215 0.180229 0.12354 0.0581769 0.0192766 0.00573361 0.00419735 0.00689014 0.0113605 0.0165281 0.0211517 0.0240209 0.0246103 0.0233871 0.0214533 0.0198112 0.0188314 0.018245 0.0175138
 1.02261e-16 7.05994e-05 0.000686251 0.00456038 0.0207308 0.0645014 0.137427 0.200582 0.200592 0.13748 0.0646763 0.0212362 0.00582931 0.00345785 0.00533897 0.00872704 0.0125948 0.0159037 0.0176486 0.0173738 0.0154401 0.0127703 0.0102818 0.00844845 0.00724756 0.00639498
 1.0157e-16 6.51056e-05 0.00063285 0.00420551 0.0191177 0.0594822 0.126734 0.184975 0.184993 0.126818 0.0597664 0.0199383 0.00626531 0.00512873 0.0086016 0.0141118 0.0203096 0.0255128 0.0280515 0.0271544 0.0234023 0.0183304 0.0135093 0.00982179 0.00734942 0.005723
 1.02236e-16 6.12659e-05 0.000595526 0.00395748 0.0179902 0.0559741 0.11926 0.174067 0.174087 0.119355 0.0562961 0.0189204 0.00629382 0.00569972 0.00976657 0.016079 0.0232251 0.0293474 0.0325867 0.0320715 0.0284123 0.0232457 0.018218 0.0142123 0.0112695 0.00900901
 1.03488e-16 5.78892e-05 0.000562703 0.00373936 0.0169986 0.0528891 0.112687 0.164474 0.164495 0.112791 0.0532411 0.018016 0.0062954 0.0061499 0.0106906 0.0176385 0.0255349 0.0323859 0.0361899 0.0360111 0.0325049 0.0274095 0.0224385 0.0184582 0.0154323 0.0129085
 1.03033e-16 6.55986e-05 0.000637642 0.00423735 0.0192624 0.0599326 0.127693 0.186375 0.186389 0.127761 0.0601616 0.0199245 0.0059012 0.0042763 0.00699512 0.0115105 0.0166924 0.0212383 0.0238621 0.0239668 0.0219748 0.0189913 0.0160858 0.013766 0.0119586 0.0103409
 1.0051e-16 7.86156e-05 0.000764172 0.00507819 0.0230847 0.0718252 0.153031 0.223354 0.223358 0.153048 0.0718828 0.0232513 0.00549648 0.00167769 0.00181473 0.00287882 0.00414681 0.00523032 0.00579194 0.00567797 0.00500416 0.00407302 0.00318817 0.00251133 0.00204476 0.00170709
 1.01341e-16 3.56441e-05 0.000346473 0.00230244 0.0104666 0.0325657 0.0693866 0.101283 0.101335 0.0696412 0.0334205 0.0129344 0.00849237 0.0138441 0.0256258 0.0421918 0.060502 0.0755065 0.082083 0.0778695 0.0647022 0.0474433 0.031175 0.0189143 0.0111447 0.00678848
 1.01489e-16 7.57702e-05 0.000736513 0.00489439 0.0222492 0.0692255 0.147492 0.21527 0.215274 0.147509 0.0692819 0.0224127 0.00530771 0.00164815 0.00183446 0.0029838 0.00445548 0.00594376 0.00717927 0.00801653 0.00847824 0.00866705 0.00862976 0.00830687 0.00760666 0.00652101
 1.01984e-16 5.45302e-05 0.000530053 0.00352239 0.0160123 0.0498204 0.106149 0.154933 0.154963 0.106295 0.0503114 0.0174299 0.00707833 0.00828506 0.0147604 0.0242577 0.0348048 0.0434906 0.0473941 0.0451846 0.0379364 0.0284426 0.0195903 0.0130444 0.00899037 0.00671919
 1.04122e-16 5.57855e-05 0.000542255 0.00360347 0.0163809 0.0509671 0.108592 0.158497 0.158518 0.108693 0.0513088 0.017369 0.0060889 0.00598463 0.0104405 0.0172983 0.025206 0.0323021 0.0367004 0.0374861 0.0351864 0.0312754 0.0271573 0.0234671 0.0201109 0.016769
 1.0392e-16 6.40824e-05 0.000622904 0.00413942 0.0188172 0.0585474 0.124742 0.182068 0.182082 0.124813 0.058787 0.01951 0.00588077 0.00443199 0.00732103 0.012062 0.0175125 0.0223267 0.0251765 0.0254544 0.0236122 0.0207993 0.0181037 0.0160031 0.0143556 0.0127673
 1.02872e-16 6.44917e-05 0.000626882 0.00416585 0.0189374 0.0589213 0.125539 0.183231 0.183247 0.125618 0.0591891 0.0197113 0.00610937 0.00487223 0.00813502 0.0133676 0.0192999 0.0243763 0.0270571 0.0266361 0.0236517 0.0194999 0.0155719 0.0125927 0.0105459 0.00903331
 1.068e-16 3.06904e-05 0.000298321 0.00198245 0.00901197 0.0280398 0.0597436 0.0872075 0.087255 0.0599758 0.0288198 0.0112656 0.0076421 0.0126626 0.0235396 0.0389376 0.0562527 0.0710834 0.0789458 0.0777536 0.0690205 0.0567463 0.0449354 0.0357053 0.0290871 0.0240574
 1.06465e-16 6.45067e-05 0.000627028 0.00416682 0.0189418 0.058935 0.125567 0.183271 0.183279 0.125606 0.0590665 0.0193238 0.0051333 0.00276189 0.00419259 0.00702184 0.0105604 0.0142272 0.017455 0.0199586 0.0218217 0.0232649 0.0243098 0.0246618 0.0239135 0.0218681
 1.05808e-16 5.59037e-05 0.000543404 0.00361111 0.0164156 0.0510752 0.108822 0.158834 0.158858 0.108941 0.0514735 0.0175662 0.00649917 0.00684814 0.0120306 0.0198047 0.0285396 0.0359371 0.0397114 0.0388533 0.0342526 0.0281057 0.0225845 0.0187905 0.0166054 0.015242
 1.0871e-16 4.0938e-05 0.000397932 0.0026444 0.0120211 0.0374022 0.0796906 0.116318 0.116351 0.0798523 0.0379457 0.0135926 0.0065951 0.00904235 0.016517 0.0273947 0.0398185 0.0508261 0.0574033 0.058137 0.0539896 0.0474997 0.0410999 0.0359096 0.0317206 0.0277903
 1.06228e-16 6.43453e-05 0.000625459 0.00415639 0.0188944 0.0587875 0.125253 0.182813 0.182824 0.125305 0.058962 0.0193998 0.00543012 0.0034227 0.00542611 0.00899857 0.0132633 0.0173288 0.0203265 0.0218594 0.0221932 0.0219667 0.0216681 0.0213218 0.0205903 0.0191194
 1.04454e-16 6.04024e-05 0.000587133 0.00390171 0.0177366 0.0551853 0.117579 0.171614 0.171634 0.117677 0.0555153 0.0186898 0.00629475 0.00581244 0.00998831 0.016429 0.0236918 0.0298668 0.0330587 0.0324185 0.0286556 0.0235532 0.0188815 0.0155503 0.0134949 0.0121244
 1.08595e-16 3.17643e-05 0.000308761 0.00205183 0.00932733 0.029021 0.061834 0.0902576 0.0903012 0.062047 0.0297365 0.0113953 0.00724771 0.0116679 0.021653 0.0358728 0.0519683 0.0659699 0.0738299 0.0736587 0.0667902 0.0567477 0.0469937 0.0392612 0.0334433 0.0285833
 1.16493e-16 3.97522e-05 0.000386405 0.0025678 0.0116729 0.0363187 0.0773816 0.112945 0.112964 0.0774776 0.0366423 0.0126119 0.00494166 0.00562397 0.0101501 0.0171463 0.025704 0.034448 0.0419654 0.0475773 0.0515825 0.05468 0.0570935 0.0582089 0.0570091 0.0528614
pSPR Fmed_Fpbrs
0.617757   0.213843 0.213843
Fs Fmed_Fpbrs
0.263008   1.005 1.005
SSBpbr Bo_Bmed_Bpbrs
1.85011e+06  1.05041e+06  303127 303127
Ro
164041
SPR SPRFo_SPRFmed_SPRFpbrs
1.16771e+06 721360 249706
Fref
1.005
log_Ro
11.8279
likeval ReclasPelacesDesembMPH_pf_preclas_ppelaces_ptallas_desvR_qrecl_qpela
 12.9114 17.8982 0.0507752 0.00259868 228.755 104.9 76.9694 0 24.7082 0 0 0.259288 0 0 0
q_reclas_q_pelaces
1 1
M
1
N
 190469 42681.5 131721 8167.98 0.265752
 107056 62468.9 13570.6 41880.9 2597.1
 106556 31931.1 17605.3 3824.54 12535
 168761 31930.5 9052.46 4991.1 4637.94
 135138 45245.9 7859.16 2228.11 2370.03
 237744 44617.1 14507.9 2520.01 1474.38
 96966.1 71001.8 12594.7 4095.36 1127.55
 42984.4 22270.1 14357.2 2546.76 1056.12
 41484.1 14633.5 7424.36 4786.38 1201.12
 55942.8 11265.4 3660.83 1857.33 1497.88
 104533 13759.1 2485.02 807.535 740.119
 141031 35055.9 4500.22 812.782 506.196
 117446 34894.8 7791.99 1000.28 293.174
 81762.7 29767.2 7997.04 1785.73 296.428
 79914.4 15979.1 4903.26 1317.27 342.973
 461191 18959.5 3367.16 1033.23 349.852
 92890 121950 4585.28 814.333 334.493
 695837 27658.3 34293.4 1289.43 323.061
 411475 206858 7762.09 9624.19 452.533
 333481 112122 51973.7 1950.25 2531.8
 464582 94292.5 29525.8 13686.6 1180.29
 610471 139793 26872.4 8414.56 4236.93
 126790 173464 37043.4 7120.88 3352.5
 374410 40004.3 52505.6 11212.7 3170.18
 313890 120191 12377.6 16245.6 4450.14
 142554 100602 37112.6 3821.95 6390.41
 326174 46904.8 32117.9 11848.4 3260.36
 360264 105043 14571.9 9978.03 4693.81
 99047.2 118738 33607.3 4662.1 4694.1
 75974.2 32673.6 38031.9 10764.4 2996.79
pred_Ctot
 13183.7 3705.58 11436 709.14 0.0230724
 13026.3 9439.37 2050.59 6328.42 392.435
 12701.1 4728.83 2607.26 566.395 1856.38
 29685.2 6900.63 1956.36 1078.65 1002.32
 8836.35 3713.57 645.042 182.873 194.52
 28766.7 6705.1 2180.27 378.71 221.571
 23921.1 21207.5 3761.91 1223.24 336.788
 2039.72 1330.89 858.006 152.198 63.1151
 7037.28 3053.74 1549.33 998.829 250.652
 12109 2971.17 965.517 489.858 395.054
 5885.68 974.055 175.924 57.1684 52.3958
 30142.3 9134.46 1172.62 211.786 131.899
 23799.3 8640.56 1929.43 247.686 72.5948
 25488.4 11077.5 2976 664.539 110.312
 18585.4 4512.86 1384.79 372.028 96.8637
 84212.2 4247.66 754.372 231.483 78.3802
 11387.6 18562.3 697.941 123.952 50.9142
 85890.3 4238.2 5254.93 197.585 49.5041
 69111 42754.7 1604.32 1989.18 93.5321
 49834.7 20694.7 9592.97 359.964 467.304
 54352.4 13711.8 4293.58 1990.28 171.636
 89697.7 25381.8 4879.16 1527.81 769.289
 11551.9 19741.9 4215.91 810.427 381.548
 30487.6 4076.54 5350.45 1142.6 323.05
 25842.1 12381.1 1275.03 1673.48 458.416
 9602.66 8503.1 3136.82 323.038 540.129
 25969.1 4675.01 3201.2 1180.93 324.96
 23918.5 8752.14 1214.12 831.366 391.087
 6525.15 9817.82 2778.81 385.484 388.129
 7286.15 3910.64 4551.96 1288.37 358.68
F
 0.114824 0.145859 0.145859 0.145859 0.145859
 0.209769 0.266467 0.266467 0.266467 0.266467
 0.205107 0.260544 0.260544 0.260544 0.260544
 0.316372 0.401883 0.401883 0.401883 0.401883
 0.108177 0.137415 0.137415 0.137415 0.137415
 0.20849 0.264842 0.264842 0.264842 0.264842
 0.471119 0.598455 0.598455 0.598455 0.598455
 0.0775231 0.0984765 0.0984765 0.0984765 0.0984765
 0.303574 0.385625 0.385625 0.385625 0.385625
 0.402632 0.511458 0.511458 0.511458 0.511458
 0.0925552 0.117572 0.117572 0.117572 0.117572
 0.396641 0.503847 0.503847 0.503847 0.503847
 0.372568 0.473267 0.473267 0.473267 0.473267
 0.632542 0.803508 0.803508 0.803508 0.803508
 0.438649 0.557209 0.557209 0.557209 0.557209
 0.330206 0.419456 0.419456 0.419456 0.419456
 0.211491 0.268654 0.268654 0.268654 0.268654
 0.213081 0.270673 0.270673 0.270673 0.270673
 0.300166 0.381296 0.381296 0.381296 0.381296
 0.263184 0.334318 0.334318 0.334318 0.334318
 0.20098 0.255301 0.255301 0.255301 0.255301
 0.258264 0.328069 0.328069 0.328069 0.328069
 0.153546 0.195047 0.195047 0.195047 0.195047
 0.136269 0.1731 0.1731 0.1731 0.1731
 0.137865 0.175128 0.175128 0.175128 0.175128
 0.111599 0.141762 0.141762 0.141762 0.141762
 0.133064 0.169029 0.169029 0.169029 0.169029
 0.109916 0.139625 0.139625 0.139625 0.139625
 0.109028 0.138497 0.138497 0.138497 0.138497
 0.162191 0.206029 0.206029 0.206029 0.206029
nmprior
 8 8 7 0
nm_flota  nm_reclas  nm_pelaces    nm_pelaL
inf 12.5888 16.0481 27.9581
cv_recla  cv_pelaces  cv_mph
0.332669 0.497816 1.57319
 ------------------------------------------------
Talla a la edad & desviación 
 8 13.2811 15.8009 17.003 17.5766
 0.8 1.32811 1.58009 1.7003 1.75766
