years
 1991 1992 1993 1994 1995 1996 1997 1998 1999 2000 2001 2002 2003 2004 2005 2006 2007 2008 2009 2010 2011 2012 2013 2014 2015 2016 2017 2018 2019 2020
reclasobs
 0 0 0 0 0 0 0 0 0 252601 567819 844713 477998 351125 339783 2.1784e+06 2.13404e+06 4.81314e+06 1.55562e+06 2.62356e+06 3.21686e+06 3.843e+06 1.13348e+06 3.07943e+06 1.97215e+06 2.03268e+06 2.025e+06 2.42433e+06 2.27542e+06 1.05018e+06
reclaspred
 3.20039e+06 2.40109e+06 1.82935e+06 1.99585e+06 2.08573e+06 2.4054e+06 2.00922e+06 2.8347e+06 2.97011e+06 3.15641e+06 2.31282e+06 2.32458e+06 2.14176e+06 2.00347e+06 2.06883e+06 2.10782e+06 2.19733e+06 2.54075e+06 1.45418e+06 1.06749e+06 1.70637e+06 1.06613e+06 1.35041e+06 2.04232e+06 1.80827e+06 2.18571e+06 2.35839e+06 1.98262e+06 2.37301e+06 2.46987e+06
pelacesobs
 0 0 0 0 0 0 0 0 0 0 0 0 0 0 0 552880 188675 0 991730 2.46772e+06 1.41603e+06 1.21717e+06 2.29649e+06 1.80582e+06 0 1.4828e+06 1.56532e+06 1.57751e+06 1.42118e+06 867257
pelacespred
 1.46971e+06 1.19595e+06 897432 863243 977402 1.11163e+06 944116 1.46544e+06 1.62548e+06 1.61533e+06 1.32421e+06 1.11438e+06 1.08162e+06 1.10366e+06 1.14533e+06 999786 1.00059e+06 1.09797e+06 711568 460007 670214 465720 619990 1.00242e+06 902059 1.06436e+06 1.27731e+06 1.13955e+06 1.0798e+06 1.19838e+06
mphobs
 0 0 0 0 0 0 0 0 0 0 0 498337 0 5186 125008 0 168611 109162 213762 579715 649985 157893 87575 83554 0 0 0 0 0 0
mphpred
 2.83612e+06 2.25675e+06 1.69852e+06 1.45979e+06 1.64448e+06 1.78279e+06 1.82403e+06 1.66572e+06 2.35005e+06 2.68229e+06 2.15709e+06 1.94893e+06 1.76971e+06 1.55953e+06 1.50056e+06 1.85686e+06 1.60105e+06 1.99236e+06 1.49082e+06 877509 1.03734e+06 1.07701e+06 741324 1.28199e+06 1.64548e+06 1.44434e+06 1.82765e+06 1.63341e+06 1.88639e+06 1.85249e+06
desembarqueobs
 494567 514787 250237 358949 120608 361735 552515 73892 212993 205616 52469 317467 293654 387597 252695 516296 358380 742168 942051 627588 828172 859565 418607 520667 417249 300574 407403 355545 319650 289779
desembarquepred
 493647 494691 258991 359115 120652 361881 552779 73918.8 213115 205740 52490.3 317730 293884 387946 252858 516632 358500 741878 940402 626615 827421 858214 418641 520825 417382 300686 407554 355635 319764 289896
Reclutas
 312562 312562 312562 312562 312562 312562 312562 312562 312562 312562 312562 312562 312562 312562 312562 312562 312562 312562 312562 312562 312562 312562 312562 312562 312562 312562 312562 312562 312562 312562
log_desv_Rt
 0 0 0 0 0 0 0 0 0 0 0 0 0 0 0 0 0 0 0 0 0 0 0 0 0 0 0 0 0 0
SSB
 2.83612e+06 2.25675e+06 1.69852e+06 1.45979e+06 1.64448e+06 1.78279e+06 1.82403e+06 1.66572e+06 2.35005e+06 2.68229e+06 2.15709e+06 1.94893e+06 1.76971e+06 1.55953e+06 1.50056e+06 1.85686e+06 1.60105e+06 1.99236e+06 1.49082e+06 877509 1.03734e+06 1.07701e+06 741324 1.28199e+06 1.64548e+06 1.44434e+06 1.82765e+06 1.63341e+06 1.88639e+06 1.85249e+06
BT
 4.15718e+06 3.6385e+06 2.53666e+06 2.72936e+06 2.72836e+06 3.51574e+06 3.04356e+06 4.86939e+06 5.03866e+06 4.58573e+06 3.63416e+06 3.30404e+06 3.33954e+06 3.85374e+06 3.88817e+06 3.19871e+06 3.20746e+06 3.72429e+06 3.07888e+06 1.96646e+06 2.83947e+06 2.20029e+06 2.50555e+06 3.8139e+06 2.87461e+06 3.60616e+06 4.35841e+06 3.90758e+06 3.19719e+06 3.74467e+06
Ftot
 0.146268 0.194573 0.134386 0.170367 0.0552735 0.142784 0.25847 0.0249784 0.068517 0.0622447 0.0217419 0.129821 0.13035 0.183318 0.116337 0.230826 0.154762 0.273883 0.589032 0.539121 0.448593 0.723018 0.291488 0.240506 0.217695 0.130771 0.163822 0.170042 0.12801 0.11169
BD_Bspro_t
 0.976869 0.857797 0.774443 0.764163 0.776708 0.828215 0.797267 0.745176 0.855638 0.886977 0.88988 0.912419 0.854531 0.81285 0.79605 0.8102 0.73396 0.766871 0.650473 0.497488 0.487964 0.479285 0.422153 0.5903 0.672914 0.693726 0.775079 0.778058 0.797798 0.795663
BD_Bspro
 1.27469 1.0143 0.763402 0.656104 0.73911 0.801274 0.81981 0.748656 1.05623 1.20556 0.969504 0.875949 0.795397 0.700932 0.674425 0.834566 0.719592 0.895466 0.67005 0.394397 0.466232 0.484063 0.333188 0.576192 0.739562 0.649158 0.821437 0.734136 0.847837 0.832602
BD_Bo
 1.20229 0.956681 0.720038 0.618835 0.697126 0.755758 0.773242 0.70613 0.996233 1.13708 0.914432 0.826191 0.750215 0.661116 0.636115 0.787159 0.678716 0.8446 0.631988 0.371993 0.439748 0.456566 0.314262 0.543462 0.697552 0.612283 0.774776 0.692434 0.799676 0.785307
BD_Brms
 5.10736 4.06402 3.05875 2.62883 2.96142 3.21049 3.28476 2.99967 4.23204 4.83034 3.88454 3.50969 3.18694 2.80845 2.70224 3.34388 2.88321 3.58789 2.68471 1.58024 1.86807 1.93951 1.335 2.30865 2.96323 2.601 3.29128 2.94149 3.39706 3.33602
Sel_flota
 0.5 1 1 1 1
 0.5 1 1 1 1
 0.5 1 1 1 1
 0.5 1 1 1 1
 0.5 1 1 1 1
 0.5 1 1 1 1
 0.5 1 1 1 1
 0.5 1 1 1 1
 0.5 1 1 1 1
 0.5 1 1 1 1
 0.5 1 1 1 1
 0.5 1 1 1 1
 0.5 1 1 1 1
 0.5 1 1 1 1
 0.5 1 1 1 1
 0.5 1 1 1 1
 0.5 1 1 1 1
 0.5 1 1 1 1
 0.5 1 1 1 1
 0.5 1 1 1 1
 0.5 1 1 1 1
 0.5 1 1 1 1
 0.5 1 1 1 1
 0.5 1 1 1 1
 0.5 1 1 1 1
 0.5 1 1 1 1
 0.5 1 1 1 1
 0.5 1 1 1 1
 0.5 1 1 1 1
 0.5 1 1 1 1
Sel_reclas
 0.5 1 1 1 1
 0.5 1 1 1 1
 0.5 1 1 1 1
 0.5 1 1 1 1
 0.5 1 1 1 1
 0.5 1 1 1 1
 0.5 1 1 1 1
 0.5 1 1 1 1
 0.5 1 1 1 1
 0.5 1 1 1 1
 0.5 1 1 1 1
 0.5 1 1 1 1
 0.5 1 1 1 1
 0.5 1 1 1 1
 0.5 1 1 1 1
 0.5 1 1 1 1
 0.5 1 1 1 1
 0.5 1 1 1 1
 0.5 1 1 1 1
 0.5 1 1 1 1
 0.5 1 1 1 1
 0.5 1 1 1 1
 0.5 1 1 1 1
 0.5 1 1 1 1
 0.5 1 1 1 1
 0.5 1 1 1 1
 0.5 1 1 1 1
 0.5 1 1 1 1
 0.5 1 1 1 1
 0.5 1 1 1 1
Sel_pelaces
 0.5 1 1 1 1
 0.5 1 1 1 1
 0.5 1 1 1 1
 0.5 1 1 1 1
 0.5 1 1 1 1
 0.5 1 1 1 1
 0.5 1 1 1 1
 0.5 1 1 1 1
 0.5 1 1 1 1
 0.5 1 1 1 1
 0.5 1 1 1 1
 0.5 1 1 1 1
 0.5 1 1 1 1
 0.5 1 1 1 1
 0.5 1 1 1 1
 0.5 1 1 1 1
 0.5 1 1 1 1
 0.5 1 1 1 1
 0.5 1 1 1 1
 0.5 1 1 1 1
 0.5 1 1 1 1
 0.5 1 1 1 1
 0.5 1 1 1 1
 0.5 1 1 1 1
 0.5 1 1 1 1
 0.5 1 1 1 1
 0.5 1 1 1 1
 0.5 1 1 1 1
 0.5 1 1 1 1
 0.5 1 1 1 1
pf_obs 
 0.8446 0.082 0.0669 0.0065 0
 0.8095 0.147 0.0364 0.0071 0
 0.9664 0.0169 0.016 0.0007 0
 0.9276 0.0648 0.0075 0.0001 0
 0.7033 0.2144 0.0806 0.0017 0
 0.9318 0.0425 0.0243 0.0014 0
 0.5671 0.3108 0.0964 0.0239 0.0018
 0.0768 0.2599 0.5324 0.112 0.0189
 0.490249 0.384438 0.106611 0.0170017 0.00170017
 0.7925 0.1577 0.0466 0.003 0.0002
 0.840416 0.127587 0.0312969 0.00059994 9.999e-05
 0.8084 0.0986 0.0794 0.0134 0.0002
 0.7335 0.1905 0.0724 0.0035 0.0001
 0.4001 0.4547 0.1325 0.0127 0
 0.49795 0.308269 0.164784 0.0264974 0.00249975
 0.9179 0.0499 0.0305 0.0017 0
 0.2467 0.6533 0.0926 0.0074 0
 0.9418 0.0223 0.034 0.0019 0
 0.707729 0.231977 0.0356964 0.0245975 0
 0.517169 0.277429 0.184464 0.0207286 0.00020938
 0.811772 0.124168 0.05621 0.00726502 0.000585176
 0.764997 0.148141 0.077277 0.00933861 0.000247198
 0.163321 0.427699 0.378323 0.0303852 0.000271297
 0.753843 0.0900009 0.118128 0.0371064 0.000921714
 0.721811 0.176058 0.0630433 0.0369309 0.00215725
 0.143369 0.312575 0.442814 0.0836902 0.0175525
 0.692698 0.0596174 0.167031 0.0765114 0.00414204
 0.394062 0.376323 0.152708 0.0712218 0.00568511
 0.125707 0.32114 0.495352 0.0537591 0.00404204
 0.23352 0.215282 0.420074 0.123614 0.00750983
pf_pred 
 0.425097 0.363408 0.13369 0.0491819 0.0286227
 0.480063 0.31557 0.129185 0.0475245 0.0276581
 0.504705 0.32776 0.101683 0.0416261 0.0242254
 0.50561 0.335952 0.104846 0.0325269 0.0210649
 0.505435 0.33762 0.106649 0.0332836 0.0170129
 0.492686 0.342456 0.112542 0.0355502 0.0167657
 0.507279 0.32989 0.109918 0.0361223 0.0167918
 0.517497 0.332857 0.100192 0.0333834 0.0160707
 0.488294 0.349811 0.111684 0.0336174 0.0165933
 0.48489 0.34033 0.119482 0.0381469 0.0171501
 0.480701 0.341292 0.117608 0.0412896 0.019109
 0.478688 0.339234 0.119665 0.0412362 0.0211772
 0.49428 0.331821 0.113161 0.0399178 0.0208198
 0.502261 0.333542 0.107736 0.0367413 0.0197203
 0.50941 0.333895 0.105003 0.0339167 0.0177749
 0.507406 0.33617 0.106462 0.0334802 0.0164818
 0.520031 0.330294 0.102146 0.0323487 0.015181
 0.518502 0.334177 0.10138 0.0313525 0.0145887
 0.550009 0.315163 0.0935753 0.0283882 0.0128643
 0.601578 0.297066 0.0709871 0.0210768 0.00929169
 0.602742 0.310192 0.0649173 0.0155127 0.00663637
 0.602164 0.308994 0.0693708 0.014518 0.00495337
 0.62076 0.300112 0.0614578 0.0137976 0.00387278
 0.56325 0.341232 0.0755888 0.0154793 0.00445061
 0.540678 0.337517 0.0951656 0.0210809 0.00555822
 0.526821 0.338436 0.0990113 0.027917 0.00781463
 0.511634 0.341014 0.105392 0.0308331 0.0111272
 0.512163 0.335356 0.106474 0.0329063 0.0131011
 0.511148 0.336472 0.104751 0.0332577 0.0143707
 0.503767 0.339774 0.10769 0.033526 0.0152437
pobs_RECLAS
 0 0 0 0 0
 0 0 0 0 0
 0 0 0 0 0
 0 0 0 0 0
 0 0 0 0 0
 0 0 0 0 0
 0 0 0 0 0
 0 0 0 0 0
 0 0 0 0 0
 0 0 0 0 0
 0.991045 0.00858322 0.000360255 1.14367e-05 0
 0.934742 0.0480273 0.0164251 0.00080598 0
 0.827803 0.169806 0.00239088 0 0
 0.941827 0.0461693 0.0120037 0 0
 0.791401 0.0380133 0.147996 0.0225897 0
 0.846168 0.0940531 0.0597789 0 0
 0.134021 0.677848 0.182769 0.00536245 0
 0.80878 0.0450904 0.141981 0.00414843 0
 0.846168 0.0940531 0.0597789 0 0
 0.905697 0.0802665 0.012482 0.00150086 5.37128e-05
 0.989698 0.0102097 9.19794e-05 0 0
 0.975433 0.0193895 0.00387452 0.00125025 5.28907e-05
 0.303575 0.632131 0.0575291 0.00676475 0
 0.966965 0.00978017 0.0227588 0.000495775 0
 0.843318 0.132988 0.00938335 0.0141283 0.000182051
 0.564624 0.303363 0.111486 0.0197234 0.00080311
 0.826376 0.0876187 0.0782897 0.00655872 0.00115652
 0.89761 0.0855135 0.0140674 0.00269457 0.000114338
 0.34875 0.467042 0.161289 0.0227151 0.000203297
 0.318654 0.224769 0.449479 0.00709798 0
ppred_RECLAS
 0.426718 0.362383 0.133313 0.0490433 0.028542
 0.482333 0.314192 0.128621 0.047317 0.0275374
 0.506216 0.32676 0.101373 0.0414991 0.0241515
 0.50757 0.334621 0.10443 0.032398 0.0209814
 0.506024 0.337218 0.106522 0.0332439 0.0169926
 0.4943 0.341367 0.112184 0.0354372 0.0167124
 0.510418 0.327788 0.109217 0.0358921 0.0166848
 0.517757 0.332678 0.100138 0.0333654 0.016062
 0.489031 0.349308 0.111523 0.033569 0.0165694
 0.485556 0.33989 0.119328 0.0380976 0.0171279
 0.480927 0.341144 0.117557 0.0412717 0.0191007
 0.48014 0.338289 0.119332 0.0411213 0.0211182
 0.495741 0.330862 0.112834 0.0398024 0.0207596
 0.504387 0.332117 0.107276 0.0365843 0.0196361
 0.510702 0.333016 0.104727 0.0338274 0.0177281
 0.510163 0.334288 0.105866 0.0332928 0.0163895
 0.52179 0.329083 0.101771 0.0322301 0.0151254
 0.521854 0.33185 0.100674 0.0311342 0.0144871
 0.55846 0.309244 0.091818 0.027855 0.0126227
 0.608877 0.291624 0.0696867 0.0206907 0.00912148
 0.608537 0.305667 0.0639703 0.0152864 0.00653957
 0.612821 0.300717 0.0675124 0.0141291 0.00482068
 0.624155 0.297426 0.0609076 0.0136741 0.00383811
 0.566092 0.339011 0.0750969 0.0153786 0.00442165
 0.54324 0.335634 0.0946348 0.0209633 0.00552722
 0.528283 0.33739 0.0987054 0.0278308 0.00779048
 0.513509 0.339704 0.104988 0.0307147 0.0110845
 0.514118 0.334012 0.106047 0.0327744 0.0130486
 0.512581 0.335486 0.104444 0.0331603 0.0143286
 0.505003 0.338927 0.107421 0.0334425 0.0152058
pobs_PELACES
 0 0 0 0 0
 0 0 0 0 0
 0 0 0 0 0
 0 0 0 0 0
 0 0 0 0 0
 0 0 0 0 0
 0 0 0 0 0
 0 0 0 0 0
 0 0 0 0 0
 0 0 0 0 0
 0 0 0 0 0
 0 0 0 0 0
 0 0 0 0 0
 0 0 0 0 0
 0 0 0 0 0
 0 0 0 0 0
 0.505614 0.472636 0.0217494 0 0
 0 0 0 0 0
 0.443492 0.261883 0.143347 0.151278 0
 0.227955 0.32914 0.350689 0.0885471 0.00366901
 0.970185 0.0296113 0.000203453 0 0
 0.997202 0.00247181 0.000326279 0 0
 0.445219 0.490057 0.0546422 0.010081 0
 0.90214 0.0892962 0.00764917 0.000914606 0
 0 0 0 0 0
 0.581667 0.319106 0.0959925 0.00289975 0.000334073
 0.762889 0.0836404 0.116647 0.0363945 0.000428098
 0.88444 0.0763242 0.0277011 0.0115352 0
 0.521256 0.241999 0.230069 0.00667565 0
 0.616807 0.101726 0.260614 0.0208532 0
ppred_PELACES
 0.432632 0.358645 0.131938 0.0485373 0.0282476
 0.490353 0.309324 0.126628 0.0465839 0.0271108
 0.511758 0.323093 0.100235 0.0410334 0.0238805
 0.514594 0.329847 0.10294 0.0319359 0.0206821
 0.508303 0.335662 0.106031 0.0330905 0.0169142
 0.50019 0.337391 0.110877 0.0350244 0.0165178
 0.521069 0.320657 0.106841 0.0351113 0.0163218
 0.518786 0.331968 0.0999241 0.0332942 0.0160277
 0.491856 0.347377 0.110906 0.0333834 0.0164778
 0.488122 0.338195 0.118733 0.0379076 0.0170425
 0.481822 0.340555 0.117354 0.0412004 0.0190678
 0.485489 0.334808 0.118104 0.0406982 0.0209009
 0.501118 0.327335 0.111631 0.039378 0.0205383
 0.511947 0.327051 0.105639 0.0360263 0.0193365
 0.515498 0.329752 0.1037 0.0334958 0.0175543
 0.519676 0.327796 0.10381 0.0326462 0.0160712
 0.528158 0.324701 0.100416 0.0318009 0.014924
 0.533117 0.324033 0.0983027 0.0304008 0.0141459
 0.582272 0.292567 0.0868664 0.0263529 0.011942
 0.629844 0.275991 0.0659509 0.0195816 0.00863249
 0.626021 0.292015 0.0611132 0.0146036 0.00624749
 0.640718 0.279049 0.062648 0.013111 0.00447334
 0.635368 0.288552 0.0590904 0.0132661 0.0037236
 0.575813 0.331416 0.0734145 0.015034 0.00432259
 0.552138 0.329096 0.0927912 0.0205549 0.00541954
 0.533657 0.333547 0.097581 0.0275137 0.00770174
 0.520259 0.334991 0.103531 0.0302885 0.0109307
 0.521123 0.329197 0.104518 0.0323019 0.0128605
 0.517856 0.331855 0.103313 0.0328014 0.0141735
 0.50961 0.335773 0.106422 0.0331313 0.0150643
pobs_pel_tallas
 0 0 0 0 0 0 0 0 0 0 0 0 0 0 0 0 0 0 0 0 0 0 0 0 0 0
 0 0 0 0 0 0 0 0 0 0 0 0 0 0 0 0 0 0 0 0 0 0 0 0 0 0
 0 0 0 0 0 0 0 0 0 0 0 0 0 0 0 0 0 0 0 0 0 0 0 0 0 0
 0 0 0 0 0 0 0 0 0 0 0 0 0 0 0 0 0 0 0 0 0 0 0 0 0 0
 0 0 0 0 0 0 0 0 0 0 0 0 0 0 0 0 0 0 0 0 0 0 0 0 0 0
 0 0 0 0 0 0 0 0 0 0 0 0 0 0 0 0 0 0 0 0 0 0 0 0 0 0
 0 0 0 0 0 0 0 0 0 0 0 0 0 0 0 0 0 0 0 0 0 0 0 0 0 0
 0 0 0 0 0 0 0 0 0 0 0 0 0 0 0 0 0 0 0 0 0 0 0 0 0 0
 0 0 0 0 0 0 0 0 0 0 0 0 0 0 0 0 0 0 0 0 0 0 0 0 0 0
 0 0 0 0 0 0 0 0 0 0 0 0 0 0 0 0 0 0 0 0 0 0 0 0 0 0
 0 0 0 0 0 0 0 0 0 0 0 0 0 0 0 0 0 0 0 0 0 0 0 0 0 0
 0 0 0 0 0 0 0 0 0 0 0 0 0 0 0 0 0 0 0 0 0 0 0 0 0 0
 0.00862536 0 0 0.000197151 0.00414017 0.0128641 0.00837892 0.0270097 0.101434 0.158115 0.152841 0.127902 0.109271 0.109419 0.0830992 0.0579132 0.0238553 0.00714673 0.00463305 0.00128148 0.00103504 0.000492878 0.000147863 0.000147863 4.92878e-05 0
 0 0 0 0 0 0 0 0 0 0 0 0 0 0 0 0 0 0 0 0 0 0 0 0 0 0
 0 0 0 0 0 0 0 0.0054083 0.00873648 0.0413646 0.0450493 0.0745869 0.0622846 0.0627006 0.0613931 0.0827291 0.12552 0.122667 0.0946155 0.0697135 0.0546179 0.0294188 0.0215738 0.0213955 0.0102223 0.00600262
 0 0 0 0 0.00359764 0.0251062 0.0480494 0.140153 0.205849 0.193036 0.1447 0.116669 0.0760912 0.0342217 0.00950174 0.001854 0.000860785 0 0 0 0.000165536 0 0.000143464 0 0 0
 0 0 0 0 0 0 0 0.000145254 0.000435761 0.0275982 0.070085 0.0708112 0.156366 0.174668 0.174014 0.160142 0.0824315 0.0480064 0.0283245 0.00493863 0.00203355 0 0 0 0 0
 0 0 0 0 0 0 0 0 0 0 0 0 0 0 0 0 0 0 0 0 0 0 0 0 0 0
 0 0 1.00437e-05 0.000401748 0.00122533 0.00171747 0.00176769 0.0269171 0.070346 0.194647 0.189555 0.159765 0.064822 0.0314167 0.0384472 0.0292271 0.0345202 0.0313363 0.0194345 0.0106764 0.0143323 0.0359363 0.0279516 0.0138201 0.00172751 0
 0 0.0021121 0.0136068 0.0755702 0.200478 0.177729 0.0527432 0.0373336 0.0318909 0.0142505 0.0149659 0.0166563 0.0217959 0.0798694 0.0677717 0.0528807 0.04013 0.0224614 0.0357745 0.0225083 0.00881397 0.00855152 0.00135912 0.000746735 0 0
 0 0 0 0 5.4009e-05 0.00500934 0.000945158 0.0243581 0.138947 0.33067 0.221406 0.137944 0.0707744 0.0437923 0.0131692 0.00525238 0.0047753 0.00276346 9.45158e-05 9.00151e-06 2.25038e-05 9.00151e-06 4.50075e-06 0 0 0
 0.000866109 0.00284123 0.00948549 0.0512746 0.133035 0.25785 0.225252 0.132002 0.0553304 0.0519788 0.0540692 0.017754 0.00435017 0.00159236 0.00146478 0.000404838 0.000125132 0.000115318 0.000107957 0.000100596 0 0 0 0 0 0
 0 0 0 0 0.00144013 0.00171154 0.00461396 0.0210425 0.0478622 0.0707936 0.0888783 0.103762 0.0637923 0.0337046 0.0602308 0.124433 0.169614 0.0934646 0.0462172 0.0250306 0.0313229 0.00938855 0.002487 0.000210481 0 0
 0 0.00764035 0.051015 0.0998891 0.058973 0.0496711 0.0374665 0.0718981 0.12319 0.153886 0.159021 0.0857701 0.0377988 0.023471 0.0147837 0.00900784 0.00315554 0.000888139 0.00291439 0.00214683 0.00393193 0.00274676 0.000635225 9.99891e-05 0 0
 0 0 0 0 0 0 0 0 0 0 0 0 0 0 0 0 0 0 0 0 0 0 0 0 0 0
 0 0 0 0 0 0 0 0 0 0 0 0 0 0 0 0 0 0 0 0 0 0 0 0 0 0
 0 0 0 0 0 0 0 0 0 0 0 0 0 0 0 0 0 0 0 0 0 0 0 0 0 0
 0 0 0 0 0 0 0 0 0 0 0 0 0 0 0 0 0 0 0 0 0 0 0 0 0 0
 0 0 0 0 0 0 0 0 0 0 0 0 0 0 0 0 0 0 0 0 0 0 0 0 0 0
 0 0 0 0 0 0 0 0 0 0 0 0 0 0 0 0 0 0 0 0 0 0 0 0 0 0
ppred_pel_tallas
 1.13548e-16 3.56354e-05 0.000346389 0.00230188 0.010464 0.0325576 0.0693688 0.101253 0.101288 0.0695384 0.0331278 0.0121127 0.00644737 0.00942002 0.0173393 0.0287976 0.0419288 0.0536841 0.0609775 0.0624138 0.0590734 0.0536325 0.0485543 0.0448053 0.0418697 0.0386624
 1.12993e-16 4.03898e-05 0.000392603 0.00260899 0.0118601 0.0369013 0.0786232 0.114759 0.114789 0.0787697 0.0373935 0.0132836 0.00618956 0.00823334 0.0150036 0.0249312 0.0363643 0.0466982 0.0533026 0.0549915 0.0526813 0.0486206 0.0448372 0.0420552 0.0397426 0.036927
 1.11132e-16 4.21529e-05 0.000409741 0.00272287 0.0123778 0.0385121 0.0820553 0.119769 0.1198 0.082208 0.0390251 0.0138608 0.00645047 0.00856388 0.0155783 0.0258202 0.0375079 0.047848 0.0540247 0.0547705 0.0510943 0.0454974 0.0403288 0.0365879 0.0338892 0.0312561
 1.09758e-16 4.23865e-05 0.000412012 0.00273797 0.0124464 0.0387256 0.0825101 0.120433 0.120465 0.082666 0.0392492 0.0139602 0.00654257 0.00873378 0.0158952 0.0263385 0.0382401 0.0487328 0.0549181 0.0554726 0.0513993 0.0452412 0.0394182 0.035013 0.0317296 0.028678
 1.09327e-16 4.18683e-05 0.000406975 0.00270449 0.0122943 0.0382522 0.0815015 0.118961 0.118993 0.0816601 0.0387851 0.0138348 0.00657645 0.00887619 0.0161759 0.0268065 0.0389208 0.0496008 0.0558932 0.056443 0.0522587 0.0459143 0.0398622 0.0352065 0.0316648 0.0283658
 1.09594e-16 4.12e-05 0.000400479 0.00266133 0.012098 0.0376416 0.0802006 0.117062 0.117095 0.0803601 0.0381774 0.013647 0.0065549 0.00891814 0.0162709 0.0269743 0.0391852 0.0499811 0.056402 0.0570891 0.0530476 0.0468422 0.0409054 0.0363133 0.0327608 0.0293709
 1.09449e-16 4.29198e-05 0.000417196 0.00277241 0.012603 0.0392128 0.0835482 0.121948 0.121979 0.0836998 0.0397221 0.0140754 0.0064736 0.00851452 0.0154733 0.0256503 0.0372719 0.047563 0.053717 0.0544478 0.0507118 0.0449404 0.0394312 0.0351863 0.0318941 0.0287048
 1.0902e-16 4.27318e-05 0.000415368 0.00276027 0.0125478 0.0390411 0.0831823 0.121414 0.121446 0.0833391 0.0395679 0.0140708 0.00658787 0.00878639 0.0159863 0.0264811 0.0384276 0.0489299 0.0550597 0.0554762 0.0511875 0.044763 0.0386593 0.033996 0.0305074 0.027325
 1.09426e-16 4.05136e-05 0.000393807 0.00261699 0.0118965 0.0370145 0.0788645 0.115112 0.115146 0.0790286 0.037566 0.0134908 0.00662436 0.00915939 0.0167396 0.0277461 0.0402873 0.0513455 0.0578628 0.058433 0.054093 0.0474986 0.0411827 0.0362885 0.0325341 0.0290353
 1.10199e-16 4.0206e-05 0.000390817 0.00259712 0.0118061 0.0367335 0.0782658 0.114238 0.114271 0.0784257 0.0372708 0.0133598 0.00650296 0.00893741 0.0163312 0.0270921 0.0393942 0.0503267 0.0569398 0.0578791 0.05414 0.0482565 0.0426093 0.038216 0.0347263 0.0312499
 1.10833e-16 3.96871e-05 0.000385773 0.0025636 0.0116538 0.0362594 0.0772557 0.112764 0.112797 0.0774167 0.0368004 0.0132181 0.0064963 0.00899094 0.0164419 0.027276 0.0396606 0.050667 0.0573307 0.0582983 0.0545871 0.0487633 0.0432315 0.0390063 0.0357058 0.0323904
 1.11113e-16 3.99892e-05 0.000388709 0.00258311 0.0117425 0.0365353 0.0778436 0.113622 0.113654 0.0780019 0.0370673 0.0132807 0.00645055 0.00885186 0.0161738 0.026836 0.0390353 0.0498992 0.0565211 0.0575759 0.0540632 0.0484961 0.0432198 0.0392083 0.0360637 0.0328462
 1.1073e-16 4.12765e-05 0.000401222 0.00266626 0.0121205 0.0377114 0.0803494 0.117279 0.117311 0.0805042 0.0382315 0.013624 0.00644598 0.00867145 0.0158045 0.0262125 0.0381115 0.0486839 0.0550817 0.0560085 0.0524501 0.046883 0.0416264 0.0376569 0.034598 0.0315264
 1.10018e-16 4.21685e-05 0.000409892 0.00272388 0.0123824 0.0385264 0.0820857 0.119813 0.119845 0.0822403 0.0390457 0.0138838 0.00649784 0.00866579 0.0157729 0.0261449 0.0379806 0.048448 0.0546848 0.0553853 0.0515401 0.0456508 0.0400819 0.0358657 0.0326742 0.0296093
 1.09407e-16 4.24609e-05 0.000412735 0.00274277 0.0124683 0.0387936 0.082655 0.120644 0.120676 0.0828108 0.0393171 0.0139817 0.00654653 0.00873281 0.0158925 0.026335 0.0382372 0.0487328 0.0549232 0.0554814 0.0514033 0.0452214 0.0393458 0.0348553 0.0314602 0.0282883
 1.09074e-16 4.28051e-05 0.000416081 0.00276501 0.0125693 0.039108 0.083325 0.121622 0.121654 0.0834799 0.0396285 0.0140738 0.00654633 0.00868713 0.0157995 0.0261802 0.0380124 0.0484455 0.0545954 0.0551386 0.0510589 0.0448675 0.0389572 0.0344039 0.0309317 0.0276917
 1.08696e-16 4.35038e-05 0.000422872 0.00281014 0.0127745 0.0397463 0.084685 0.123607 0.123638 0.0848384 0.0402618 0.0142644 0.00655479 0.00861303 0.0156441 0.0259156 0.0376158 0.0479137 0.0539463 0.0543991 0.0502488 0.0439933 0.03802 0.0334149 0.0299215 0.0267073
 1.08363e-16 4.39122e-05 0.000426843 0.00283652 0.0128944 0.0401195 0.0854801 0.124767 0.124799 0.0856331 0.0406338 0.0143811 0.00657263 0.00859771 0.015606 0.0258468 0.0375043 0.0477472 0.0537115 0.0540809 0.0498304 0.0434611 0.0373713 0.0326657 0.0291082 0.0258811
 1.07246e-16 4.7961e-05 0.000466198 0.00309805 0.0140833 0.0438185 0.0933611 0.136269 0.136297 0.0934993 0.0442828 0.0154253 0.00647054 0.00784123 0.0140926 0.0233224 0.0338294 0.0430449 0.0483763 0.0486307 0.0446891 0.0388175 0.0331967 0.0288438 0.0255641 0.0226316
 1.05399e-16 5.18795e-05 0.000504287 0.00335117 0.0152339 0.0473986 0.100989 0.147401 0.147428 0.101119 0.047836 0.0164979 0.00652624 0.0074432 0.0132529 0.0218877 0.0316671 0.0401238 0.0447743 0.0444747 0.0400785 0.0337987 0.0278116 0.0232073 0.0199012 0.0172422
 1.04361e-16 5.15646e-05 0.000501226 0.00333082 0.0151415 0.0471109 0.100376 0.146507 0.146535 0.100513 0.0475733 0.0164776 0.00668643 0.00783193 0.0139898 0.023088 0.0333521 0.0421474 0.0468174 0.0461318 0.0409967 0.0337914 0.0268917 0.0215441 0.0177467 0.0148659
 1.03952e-16 5.27752e-05 0.000512994 0.00340902 0.0154969 0.0482169 0.102732 0.149946 0.149973 0.102864 0.048659 0.0167742 0.00661699 0.00752205 0.013382 0.0220859 0.0319186 0.0403648 0.0448876 0.0443066 0.0394725 0.0326349 0.0260381 0.0208579 0.0170972 0.0141775
 1.0374e-16 5.23345e-05 0.00050871 0.00338056 0.0153675 0.0478143 0.101874 0.148694 0.148722 0.10201 0.0482712 0.0166876 0.00669566 0.00775041 0.0138197 0.0228007 0.032926 0.0415846 0.0461434 0.0453784 0.04018 0.0329013 0.0259015 0.020434 0.0165248 0.0135758
 1.04443e-16 4.7429e-05 0.000461027 0.00306369 0.0139271 0.0433325 0.0923257 0.134759 0.134791 0.092482 0.0438575 0.0154439 0.00687321 0.00878409 0.0158745 0.026221 0.0378897 0.0479017 0.0532412 0.0525026 0.0466954 0.0384943 0.030573 0.0243394 0.0198102 0.0163093
 1.05741e-16 4.5479e-05 0.000442072 0.00293772 0.0133545 0.0415509 0.0885298 0.129219 0.12925 0.0886852 0.0420729 0.0148631 0.00672825 0.00872896 0.0158194 0.0261741 0.0379186 0.0481408 0.0538876 0.0537793 0.0487834 0.0414584 0.0343136 0.0285962 0.0242208 0.0204998
 1.06964e-16 4.39567e-05 0.000427275 0.00283939 0.0129075 0.0401601 0.0855666 0.124894 0.124926 0.0857241 0.0406894 0.0144371 0.00668318 0.00883212 0.016047 0.0265665 0.0385176 0.048968 0.0549461 0.055073 0.0503375 0.0433194 0.0365213 0.0311432 0.0270244 0.0234056
 1.07961e-16 4.28531e-05 0.000416548 0.00276811 0.0125834 0.0391519 0.0834185 0.121758 0.121791 0.0835768 0.0396836 0.0141205 0.00663093 0.00886472 0.0161335 0.0267254 0.0387805 0.0493718 0.0555333 0.0558933 0.0514443 0.0447555 0.0382969 0.0332169 0.029299 0.0257424
 1.08517e-16 4.29243e-05 0.000417239 0.0027727 0.0126043 0.0392169 0.083557 0.12196 0.121992 0.0837125 0.0397396 0.0141152 0.00657005 0.0087232 0.0158657 0.0262884 0.0381656 0.0486306 0.0547811 0.0552795 0.0511042 0.0447698 0.0386789 0.0339231 0.0302497 0.0268391
 1.08755e-16 4.26552e-05 0.000414624 0.00275532 0.0125253 0.0389711 0.0830332 0.121196 0.121228 0.08319 0.0394979 0.0140482 0.0065827 0.00878585 0.0159886 0.02649 0.0384517 0.0489823 0.0551555 0.0556261 0.0513884 0.0449901 0.038866 0.0341234 0.0305034 0.0271635
 1.09029e-16 4.19759e-05 0.000408021 0.00271145 0.0123259 0.0383505 0.081711 0.119266 0.119299 0.0818696 0.0388836 0.0138669 0.00658471 0.00888011 0.0161815 0.0268152 0.0389327 0.0496133 0.0559003 0.0564342 0.0522184 0.0458223 0.0396972 0.0349506 0.0313112 0.0279241
pSPR Fmed_Fpbrs
0.776066   0.285403 0.285403
Fs Fmed_Fpbrs
0.157874   1.005 1.005
SSBpbr Bo_Bmed_Bpbrs
2.35894e+06  1.71275e+06  555300 555300
Ro
312562
SPR SPRFo_SPRFmed_SPRFpbrs
2.22494e+06 1.7267e+06 635004
Fref
1.005
log_Ro
12.4726
likeval ReclasPelacesDesembMPH_pf_preclas_ppelaces_ptallas_desvR_qrecl_qpela
 123.324 55.8157 13.9306 0.00369827 260.047 136.659 82.7305 0 0 0 0 69.6329 0 0 0
q_reclas_q_pelaces
1 1
M
1
N
 312562 137662 50643.1 18630.6 10842.6
 312562 106876 43751.9 16095.4 9367.16
 312562 104326 32365.6 13249.5 7710.92
 312562 107513 33553.2 10409.4 6741.29
 312562 105596 33356.2 10410 5321.06
 312562 111851 36757.7 11611.2 5475.93
 312562 107062 35672.6 11723.1 5449.6
 312562 101045 30415.2 10134.2 4878.57
 312562 113558 36255.5 10913.1 5386.63
 312562 111113 39009.2 12454.4 5599.24
 312562 111462 38409.3 13484.7 6240.76
 312562 113742 40122.6 13826.1 7100.51
 312562 107759 36749 12963.3 6761.2
 312562 107730 34797.4 11867 6369.42
 312562 104914 32993.5 10657.1 5585.1
 312562 108487 34357 10804.6 5318.94
 312562 102452 31683.9 10034 4708.9
 312562 106423 32285.8 9984.62 4645.97
 312562 100270 29771.1 9031.74 4092.81
 312562 85651.6 20467.3 6076.98 2679.02
 312562 87815.9 18378.2 4391.67 1878.77
 312562 91882.2 20628 4317.05 1472.93
 312562 80101.5 16403.4 3682.65 1033.67
 312562 99390.8 22016.8 4508.66 1296.33
 312562 101957 28747.6 6368.09 1679.02
 312562 103126 30170.2 8506.74 2381.23
 312562 107707 33287.6 9738.48 3514.47
 312562 105942 33636 10395.4 4138.77
 312562 105613 32879.5 10439.1 4510.74
 312562 107856 34184.5 10642.3 4838.9
pred_Ctot
 14017.5 11983.3 4408.42 1621.77 943.831
 18462.5 12136.3 4968.26 1827.72 1063.69
 12910.4 8384.12 2601.06 1064.8 619.687
 16246.2 10794.8 3368.88 1045.15 676.854
 5397.83 3605.64 1138.97 355.455 181.691
 13693.5 9518.03 3127.92 988.063 465.978
 24207 15742.1 5245.19 1723.73 801.291
 2454.74 1578.91 475.259 158.354 76.2312
 6672.76 4780.33 1526.21 459.397 226.755
 6069.82 4260.23 1495.67 477.52 214.683
 2138.12 1518.04 523.113 183.653 84.9955
 12483.6 8846.79 3120.71 1075.39 552.274
 12533.1 8413.78 2869.36 1012.17 527.914
 17434.7 11578.1 3739.79 1275.38 684.542
 11218.2 7353.03 2312.38 746.912 391.438
 21740.4 14403.6 4561.48 1434.5 706.18
 14805.6 9403.68 2908.16 920.988 432.214
 25570.1 16480.1 4999.6 1546.16 719.449
 51624.5 29581.6 8783.09 2664.55 1207.46
 47719.4 23564.4 5630.96 1671.89 737.052
 40429.6 20806.4 4354.4 1040.53 445.142
 61723.2 31672.6 7110.66 1488.13 507.732
 27116.4 13109.7 2684.64 602.715 169.173
 22607.3 13696.1 3033.93 621.297 178.636
 20558.8 12833.8 3618.58 801.579 211.346
 12572.5 8076.68 2362.88 666.233 186.494
 15643.1 10426.4 3222.35 942.717 340.212
 16216.3 10618.2 3371.21 1041.89 414.813
 12314 8105.93 2523.54 801.21 346.204
 10780.4 7271.05 2304.53 717.447 326.211
F
 0.0731342 0.146268 0.146268 0.146268 0.146268
 0.0972867 0.194573 0.194573 0.194573 0.194573
 0.067193 0.134386 0.134386 0.134386 0.134386
 0.0851833 0.170367 0.170367 0.170367 0.170367
 0.0276368 0.0552735 0.0552735 0.0552735 0.0552735
 0.0713921 0.142784 0.142784 0.142784 0.142784
 0.129235 0.25847 0.25847 0.25847 0.25847
 0.0124892 0.0249784 0.0249784 0.0249784 0.0249784
 0.0342585 0.068517 0.068517 0.068517 0.068517
 0.0311224 0.0622447 0.0622447 0.0622447 0.0622447
 0.010871 0.0217419 0.0217419 0.0217419 0.0217419
 0.0649104 0.129821 0.129821 0.129821 0.129821
 0.0651752 0.13035 0.13035 0.13035 0.13035
 0.091659 0.183318 0.183318 0.183318 0.183318
 0.0581687 0.116337 0.116337 0.116337 0.116337
 0.115413 0.230826 0.230826 0.230826 0.230826
 0.0773812 0.154762 0.154762 0.154762 0.154762
 0.136942 0.273883 0.273883 0.273883 0.273883
 0.294516 0.589032 0.589032 0.589032 0.589032
 0.269561 0.539121 0.539121 0.539121 0.539121
 0.224297 0.448593 0.448593 0.448593 0.448593
 0.361509 0.723018 0.723018 0.723018 0.723018
 0.145744 0.291488 0.291488 0.291488 0.291488
 0.120253 0.240506 0.240506 0.240506 0.240506
 0.108847 0.217695 0.217695 0.217695 0.217695
 0.0653854 0.130771 0.130771 0.130771 0.130771
 0.0819108 0.163822 0.163822 0.163822 0.163822
 0.085021 0.170042 0.170042 0.170042 0.170042
 0.0640049 0.12801 0.12801 0.12801 0.12801
 0.0558451 0.11169 0.11169 0.11169 0.11169
nmprior
 8 8 7 0
nm_flota  nm_reclas  nm_pelaces    nm_pelaL
inf 3.91407 7.65345 11.4982
cv_recla  cv_pelaces  cv_mph
1.02814 0.879109 1.87674
 ------------------------------------------------
Talla a la edad & desviación 
 8 13.2811 15.8009 17.003 17.5766
 0.8 1.32811 1.58009 1.7003 1.75766
