years
 1991 1992 1993 1994 1995 1996 1997 1998 1999 2000 2001 2002 2003 2004 2005 2006 2007 2008 2009 2010 2011 2012 2013 2014 2015 2016 2017 2018 2019 2020
reclasobs
 0 0 0 0 0 0 0 0 0 252601 567819 844713 477998 351125 339783 2.1784e+06 2.13404e+06 4.81314e+06 1.55562e+06 2.62356e+06 3.21686e+06 3.843e+06 1.13348e+06 3.07943e+06 1.97215e+06 2.03268e+06 2.025e+06 2.42433e+06 2.27542e+06 1.05018e+06
reclaspred
 3.17421e+06 1.7776e+06 897987 875866 860283 1.37003e+06 854603 756769 557008 411481 489698 633660 623719 483035 485111 1.28627e+06 1.23761e+06 2.81448e+06 2.33015e+06 1.78561e+06 3.13913e+06 2.51589e+06 1.98765e+06 3.04797e+06 2.28524e+06 2.01542e+06 2.41327e+06 2.56029e+06 2.08239e+06 1.29812e+06
pelacesobs
 0 0 0 0 0 0 0 0 0 0 0 0 0 0 0 552880 188675 0 991730 2.46772e+06 1.41603e+06 1.21717e+06 2.29649e+06 1.80582e+06 0 1.4828e+06 1.56532e+06 1.57751e+06 1.42118e+06 867257
pelacespred
 1.69485e+06 1.05568e+06 533693 424580 435553 714845 410365 452892 320134 224211 276303 299449 324138 264315 272575 601432 580011 1.51991e+06 1.29885e+06 922022 1.57076e+06 1.37278e+06 1.07946e+06 1.80854e+06 1.30782e+06 1.14943e+06 1.56887e+06 1.64328e+06 1.0998e+06 779531
mphobs
 0 0 0 0 0 0 0 0 0 0 0 498337 0 5186 125008 0 168611 109162 213762 579715 649985 157893 87575 83554 0 0 0 0 0 0
mphpred
 3.21268e+06 2.14598e+06 1.06824e+06 581049 616831 691113 914867 562023 501136 348066 233961 388827 419321 354132 238123 299133 992240 936588 1.87266e+06 1.42245e+06 1.57164e+06 1.91797e+06 1.79503e+06 1.47246e+06 2.04159e+06 1.68016e+06 1.37971e+06 1.49042e+06 2.07326e+06 1.39165e+06
desembarqueobs
 494567 514787 250237 358949 120608 361735 552515 73892 212993 205616 52469 317467 293654 387597 252695 516296 358380 742168 942051 627588 828172 859565 418607 520667 417249 300574 407403 355545 319650 289779
desembarquepred
 494574 513568 250822 358978 120613 361746 552552 73896.2 213039 205657 52471.4 317528 293702 387630 252690 516261 358406 742081 941868 627462 828227 859564 418611 520685 417245 300573 407400 355530 319642 289787
Reclutas
 198157 112189 111598 180163 144532 253249 104514 47374 45741.7 61706.9 115244 150599 125255 87071.1 86653.5 477301 98983.4 735758 425648 345376 485030 643066 134540 400341 336620 150593 343935 380549 105483 80977.6
log_desv_Rt
 0.126573 -0.442301 -0.447582 0.0313757 -0.188985 0.371887 -0.513166 -1.30441 -1.33948 -1.04009 -0.415434 -0.147866 -0.33213 -0.69576 -0.700567 1.00566 -0.567533 1.43842 0.891128 0.68215 1.02173 1.30376 -0.260621 0.829831 0.65647 -0.147906 0.677968 0.779129 -0.503935 -0.768313
SSB
 3.21268e+06 2.14598e+06 1.06824e+06 581049 616831 691113 914867 562023 501136 348066 233961 388827 419321 354132 238123 299133 992240 936588 1.87266e+06 1.42245e+06 1.57164e+06 1.91797e+06 1.79503e+06 1.47246e+06 2.04159e+06 1.68016e+06 1.37971e+06 1.49042e+06 2.07326e+06 1.39165e+06
BT
 4.32607e+06 2.94237e+06 1.4801e+06 1.28101e+06 1.09967e+06 1.95713e+06 1.44105e+06 1.10925e+06 949608 715310 682380 956606 1.01428e+06 1.01292e+06 882189 1.80519e+06 1.61734e+06 4.1603e+06 3.9002e+06 2.68662e+06 4.29227e+06 3.97062e+06 2.8542e+06 4.65469e+06 3.40049e+06 2.91661e+06 4.03305e+06 4.14493e+06 2.8001e+06 2.08025e+06
Ftot
 0.13185 0.240257 0.234588 0.361799 0.123847 0.240408 0.533702 0.0859582 0.332963 0.43113 0.100955 0.442255 0.414026 0.69388 0.477182 0.3841 0.247863 0.248568 0.353073 0.309867 0.236999 0.304013 0.180028 0.158205 0.16002 0.129786 0.155512 0.129101 0.12881 0.189746
BD_Bspro_t
 0.979125 0.848063 0.690094 0.600343 0.585123 0.658027 0.64917 0.483123 0.54095 0.500252 0.471467 0.679362 0.565741 0.476276 0.367582 0.42393 0.602235 0.575737 0.673061 0.57995 0.558537 0.604007 0.616629 0.608832 0.710521 0.718178 0.724968 0.762754 0.805851 0.738993
BD_Bspro
 2.58492 1.72665 0.859507 0.467511 0.496301 0.556068 0.736101 0.452203 0.403213 0.280053 0.188244 0.312849 0.337385 0.284934 0.191593 0.240682 0.798355 0.753577 1.50674 1.1445 1.26454 1.5432 1.44427 1.18474 1.64266 1.35185 1.11011 1.19919 1.66814 1.11972
BD_Bo
 1.65115 1.10292 0.549021 0.298629 0.317018 0.355195 0.470193 0.28885 0.257557 0.178887 0.120243 0.199836 0.215509 0.182005 0.122383 0.153739 0.509959 0.481357 0.962448 0.731063 0.807741 0.985736 0.922548 0.756765 1.04927 0.863511 0.709098 0.765998 1.06554 0.715235
BD_Brms
 10.3123 6.8883 3.42892 1.86509 1.97994 2.21838 2.9366 1.80402 1.60858 1.11724 0.750982 1.24808 1.34596 1.13672 0.764343 0.960179 3.18496 3.00632 6.01099 4.56587 5.04477 6.15644 5.76179 4.72639 6.55323 5.39308 4.42868 4.78405 6.65488 4.46701
Sel_flota
 0.804724 1 1 1 1
 0.804724 1 1 1 1
 0.804724 1 1 1 1
 0.804724 1 1 1 1
 0.804724 1 1 1 1
 0.804724 1 1 1 1
 0.804724 1 1 1 1
 0.804724 1 1 1 1
 0.804724 1 1 1 1
 0.804724 1 1 1 1
 0.804724 1 1 1 1
 0.804724 1 1 1 1
 0.804724 1 1 1 1
 0.804724 1 1 1 1
 0.804724 1 1 1 1
 0.804724 1 1 1 1
 0.804724 1 1 1 1
 0.804724 1 1 1 1
 0.804724 1 1 1 1
 0.804724 1 1 1 1
 0.804724 1 1 1 1
 0.804724 1 1 1 1
 0.804724 1 1 1 1
 0.804724 1 1 1 1
 0.804724 1 1 1 1
 0.804724 1 1 1 1
 0.804724 1 1 1 1
 0.804724 1 1 1 1
 0.804724 1 1 1 1
 0.804724 1 1 1 1
Sel_reclas
 1 1 1 1 1
 1 1 1 1 1
 1 1 1 1 1
 1 1 1 1 1
 1 1 1 1 1
 1 1 1 1 1
 1 1 1 1 1
 1 1 1 1 1
 1 1 1 1 1
 1 1 1 1 1
 1 1 1 1 1
 1 1 1 1 1
 1 1 1 1 1
 1 1 1 1 1
 1 1 1 1 1
 1 1 1 1 1
 1 1 1 1 1
 1 1 1 1 1
 1 1 1 1 1
 1 1 1 1 1
 1 1 1 1 1
 1 1 1 1 1
 1 1 1 1 1
 1 1 1 1 1
 1 1 1 1 1
 1 1 1 1 1
 1 1 1 1 1
 1 1 1 1 1
 1 1 1 1 1
 1 1 1 1 1
Sel_pelaces
 1 1 1 1 1
 1 1 1 1 1
 1 1 1 1 1
 1 1 1 1 1
 1 1 1 1 1
 1 1 1 1 1
 1 1 1 1 1
 1 1 1 1 1
 1 1 1 1 1
 1 1 1 1 1
 1 1 1 1 1
 1 1 1 1 1
 1 1 1 1 1
 1 1 1 1 1
 1 1 1 1 1
 1 1 1 1 1
 1 1 1 1 1
 1 1 1 1 1
 1 1 1 1 1
 1 1 1 1 1
 1 1 1 1 1
 1 1 1 1 1
 1 1 1 1 1
 1 1 1 1 1
 1 1 1 1 1
 1 1 1 1 1
 1 1 1 1 1
 1 1 1 1 1
 1 1 1 1 1
 1 1 1 1 1
pf_obs 
 0.8446 0.082 0.0669 0.0065 0
 0.8095 0.147 0.0364 0.0071 0
 0.9664 0.0169 0.016 0.0007 0
 0.9276 0.0648 0.0075 0.0001 0
 0.7033 0.2144 0.0806 0.0017 0
 0.9318 0.0425 0.0243 0.0014 0
 0.5671 0.3108 0.0964 0.0239 0.0018
 0.0768 0.2599 0.5324 0.112 0.0189
 0.490249 0.384438 0.106611 0.0170017 0.00170017
 0.7925 0.1577 0.0466 0.003 0.0002
 0.840416 0.127587 0.0312969 0.00059994 9.999e-05
 0.8084 0.0986 0.0794 0.0134 0.0002
 0.7335 0.1905 0.0724 0.0035 0.0001
 0.4001 0.4547 0.1325 0.0127 0
 0.49795 0.308269 0.164784 0.0264974 0.00249975
 0.9179 0.0499 0.0305 0.0017 0
 0.2467 0.6533 0.0926 0.0074 0
 0.9418 0.0223 0.034 0.0019 0
 0.707729 0.231977 0.0356964 0.0245975 0
 0.517169 0.277429 0.184464 0.0207286 0.00020938
 0.811772 0.124168 0.05621 0.00726502 0.000585176
 0.764997 0.148141 0.077277 0.00933861 0.000247198
 0.163321 0.427699 0.378323 0.0303852 0.000271297
 0.753843 0.0900009 0.118128 0.0371064 0.000921714
 0.721811 0.176058 0.0630433 0.0369309 0.00215725
 0.143369 0.312575 0.442814 0.0836902 0.0175525
 0.692698 0.0596174 0.167031 0.0765114 0.00414204
 0.394062 0.376323 0.152708 0.0712218 0.00568511
 0.125707 0.32114 0.495352 0.0537591 0.00404204
 0.23352 0.215282 0.420074 0.123614 0.00750983
pf_pred 
 0.444833 0.12462 0.406013 0.0245328 7.82083e-07
 0.413645 0.294777 0.0654514 0.213241 0.0128852
 0.560434 0.208413 0.116207 0.0258023 0.0891436
 0.730948 0.166689 0.0485337 0.0270615 0.0267678
 0.648769 0.273595 0.048099 0.0140047 0.0155328
 0.751157 0.174079 0.058238 0.0102385 0.00628741
 0.475113 0.416843 0.0755829 0.0252862 0.00717531
 0.455538 0.296956 0.196558 0.0356403 0.0153069
 0.543258 0.233943 0.121517 0.0804333 0.020848
 0.707169 0.177425 0.0591111 0.0307041 0.0255911
 0.815699 0.139995 0.0268452 0.00894378 0.00851771
 0.730999 0.22802 0.0311285 0.00596915 0.00388265
 0.676622 0.252469 0.0601066 0.00820553 0.00259695
 0.620226 0.278006 0.0794528 0.0189157 0.00339957
 0.730846 0.185312 0.0613746 0.0175406 0.00492648
 0.934353 0.0512928 0.00988278 0.00327314 0.00119818
 0.374121 0.593805 0.0250611 0.00482861 0.00218463
 0.897644 0.0443531 0.0550302 0.00232251 0.000649944
 0.593201 0.373509 0.0144254 0.017898 0.00096676
 0.612324 0.253509 0.123188 0.00475768 0.00622185
 0.729218 0.181585 0.0583272 0.028343 0.00252617
 0.735731 0.204756 0.0399092 0.0128193 0.0067845
 0.316753 0.534254 0.11544 0.0225005 0.0110524
 0.738352 0.0969103 0.128814 0.0278336 0.00808993
 0.623058 0.294488 0.0305395 0.0405933 0.0113206
 0.43214 0.384233 0.143459 0.0148772 0.0252898
 0.733337 0.130606 0.0920606 0.0343722 0.00962383
 0.682813 0.246378 0.0346807 0.0244454 0.0116825
 0.331878 0.488291 0.139686 0.0196625 0.020483
 0.421405 0.222869 0.259979 0.0743725 0.0213746
pobs_RECLAS
 0 0 0 0 0
 0 0 0 0 0
 0 0 0 0 0
 0 0 0 0 0
 0 0 0 0 0
 0 0 0 0 0
 0 0 0 0 0
 0 0 0 0 0
 0 0 0 0 0
 0 0 0 0 0
 0.991045 0.00858322 0.000360255 1.14367e-05 0
 0.934742 0.0480273 0.0164251 0.00080598 0
 0.827803 0.169806 0.00239088 0 0
 0.941827 0.0461693 0.0120037 0 0
 0.791401 0.0380133 0.147996 0.0225897 0
 0.846168 0.0940531 0.0597789 0 0
 0.134021 0.677848 0.182769 0.00536245 0
 0.80878 0.0450904 0.141981 0.00414843 0
 0.846168 0.0940531 0.0597789 0 0
 0.905697 0.0802665 0.012482 0.00150086 5.37128e-05
 0.989698 0.0102097 9.19794e-05 0 0
 0.975433 0.0193895 0.00387452 0.00125025 5.28907e-05
 0.303575 0.632131 0.0575291 0.00676475 0
 0.966965 0.00978017 0.0227588 0.000495775 0
 0.843318 0.132988 0.00938335 0.0141283 0.000182051
 0.564624 0.303363 0.111486 0.0197234 0.00080311
 0.826376 0.0876187 0.0782897 0.00655872 0.00115652
 0.89761 0.0855135 0.0140674 0.00269457 0.000114338
 0.34875 0.467042 0.161289 0.0227151 0.000203297
 0.318654 0.224769 0.449479 0.00709798 0
ppred_RECLAS
 0.49951 0.112347 0.366026 0.0221167 7.05058e-07
 0.468288 0.267307 0.0593519 0.193369 0.0116844
 0.614128 0.182955 0.102012 0.0226505 0.0782546
 0.772817 0.140749 0.0409811 0.0228503 0.0226023
 0.697006 0.23602 0.0414931 0.0120813 0.0133995
 0.790293 0.146701 0.0490787 0.00862821 0.00529856
 0.532465 0.371296 0.0673242 0.0225232 0.00639129
 0.510103 0.267196 0.176859 0.0320685 0.0137729
 0.598106 0.20585 0.106925 0.0707745 0.0183445
 0.751826 0.150367 0.0500966 0.0260217 0.0216884
 0.84638 0.116689 0.0223762 0.00745487 0.00709973
 0.773242 0.192213 0.0262402 0.00503178 0.00327293
 0.724026 0.215459 0.0512955 0.00700267 0.00221626
 0.673787 0.238798 0.0682473 0.016248 0.00292012
 0.77328 0.156097 0.0516986 0.0147752 0.0041498
 0.946899 0.0414903 0.00799409 0.00264761 0.000969196
 0.42739 0.543265 0.0229281 0.00441764 0.0019987
 0.916323 0.0362591 0.0449877 0.00189867 0.000531335
 0.646076 0.324961 0.0125504 0.0155717 0.000841102
 0.663879 0.219796 0.106806 0.00412498 0.00539443
 0.770738 0.153742 0.0493836 0.0239971 0.00213882
 0.776831 0.172912 0.0337024 0.0108256 0.00572936
 0.366295 0.495516 0.107069 0.020869 0.010251
 0.778606 0.0820011 0.108996 0.0235516 0.00684533
 0.673206 0.25531 0.0264765 0.0351928 0.00981456
 0.486614 0.347375 0.129697 0.0134501 0.0228638
 0.774116 0.110633 0.0779823 0.0291159 0.00815212
 0.728354 0.211004 0.0297014 0.0209357 0.0100052
 0.382215 0.451502 0.129162 0.0181811 0.0189398
 0.475965 0.201853 0.235464 0.0673595 0.019359
pobs_PELACES
 0 0 0 0 0
 0 0 0 0 0
 0 0 0 0 0
 0 0 0 0 0
 0 0 0 0 0
 0 0 0 0 0
 0 0 0 0 0
 0 0 0 0 0
 0 0 0 0 0
 0 0 0 0 0
 0 0 0 0 0
 0 0 0 0 0
 0 0 0 0 0
 0 0 0 0 0
 0 0 0 0 0
 0 0 0 0 0
 0.505614 0.472636 0.0217494 0 0
 0 0 0 0 0
 0.443492 0.261883 0.143347 0.151278 0
 0.227955 0.32914 0.350689 0.0885471 0.00366901
 0.970185 0.0296113 0.000203453 0 0
 0.997202 0.00247181 0.000326279 0 0
 0.445219 0.490057 0.0546422 0.010081 0
 0.90214 0.0892962 0.00764917 0.000914606 0
 0 0 0 0 0
 0.581667 0.319106 0.0959925 0.00289975 0.000334073
 0.762889 0.0836404 0.116647 0.0363945 0.000428098
 0.88444 0.0763242 0.0277011 0.0115352 0
 0.521256 0.241999 0.230069 0.00667565 0
 0.616807 0.101726 0.260614 0.0208532 0
ppred_PELACES
 0.501634 0.11187 0.364473 0.0220228 7.02066e-07
 0.472145 0.265368 0.0589214 0.191966 0.0115997
 0.617704 0.181259 0.101067 0.0224406 0.0775293
 0.776884 0.138229 0.0402474 0.0224412 0.0221977
 0.698689 0.234709 0.0412627 0.0120142 0.0133251
 0.792849 0.144913 0.0484805 0.00852305 0.00523398
 0.541017 0.364505 0.0660928 0.0221113 0.00627439
 0.511487 0.266441 0.17636 0.0319779 0.0137339
 0.603252 0.203214 0.105556 0.0698682 0.0181096
 0.756973 0.147249 0.0490575 0.025482 0.0212385
 0.847224 0.116048 0.0222532 0.00741392 0.00706073
 0.7782 0.18801 0.0256664 0.00492176 0.00320137
 0.729325 0.211322 0.0503105 0.00686821 0.00217371
 0.683537 0.23166 0.0662074 0.0157623 0.00283284
 0.778625 0.152416 0.0504796 0.0144268 0.00405195
 0.94813 0.0405285 0.00780879 0.00258624 0.00094673
 0.431304 0.539553 0.0227714 0.00438745 0.00198504
 0.917543 0.0357304 0.0443318 0.00187099 0.000523588
 0.651261 0.3202 0.0123666 0.0153435 0.00082878
 0.668321 0.216891 0.105394 0.00407048 0.00532316
 0.773426 0.15194 0.0488047 0.0237158 0.00211375
 0.780209 0.170295 0.0331923 0.0106617 0.00564263
 0.368992 0.493407 0.106614 0.0207802 0.0102074
 0.780358 0.081352 0.108134 0.0233652 0.00679115
 0.675471 0.253541 0.0262931 0.0349489 0.00974655
 0.488704 0.345961 0.12917 0.0133953 0.0227707
 0.775864 0.109777 0.077379 0.0288906 0.00808905
 0.729997 0.209728 0.0295217 0.020809 0.0099447
 0.384177 0.450068 0.128752 0.0181233 0.0188797
 0.479015 0.200678 0.234093 0.0669673 0.0192463
pobs_pel_tallas
 0 0 0 0 0 0 0 0 0 0 0 0 0 0 0 0 0 0 0 0 0 0 0 0 0 0
 0 0 0 0 0 0 0 0 0 0 0 0 0 0 0 0 0 0 0 0 0 0 0 0 0 0
 0 0 0 0 0 0 0 0 0 0 0 0 0 0 0 0 0 0 0 0 0 0 0 0 0 0
 0 0 0 0 0 0 0 0 0 0 0 0 0 0 0 0 0 0 0 0 0 0 0 0 0 0
 0 0 0 0 0 0 0 0 0 0 0 0 0 0 0 0 0 0 0 0 0 0 0 0 0 0
 0 0 0 0 0 0 0 0 0 0 0 0 0 0 0 0 0 0 0 0 0 0 0 0 0 0
 0 0 0 0 0 0 0 0 0 0 0 0 0 0 0 0 0 0 0 0 0 0 0 0 0 0
 0 0 0 0 0 0 0 0 0 0 0 0 0 0 0 0 0 0 0 0 0 0 0 0 0 0
 0 0 0 0 0 0 0 0 0 0 0 0 0 0 0 0 0 0 0 0 0 0 0 0 0 0
 0 0 0 0 0 0 0 0 0 0 0 0 0 0 0 0 0 0 0 0 0 0 0 0 0 0
 0 0 0 0 0 0 0 0 0 0 0 0 0 0 0 0 0 0 0 0 0 0 0 0 0 0
 0 0 0 0 0 0 0 0 0 0 0 0 0 0 0 0 0 0 0 0 0 0 0 0 0 0
 0.00862536 0 0 0.000197151 0.00414017 0.0128641 0.00837892 0.0270097 0.101434 0.158115 0.152841 0.127902 0.109271 0.109419 0.0830992 0.0579132 0.0238553 0.00714673 0.00463305 0.00128148 0.00103504 0.000492878 0.000147863 0.000147863 4.92878e-05 0
 0 0 0 0 0 0 0 0 0 0 0 0 0 0 0 0 0 0 0 0 0 0 0 0 0 0
 0 0 0 0 0 0 0 0.0054083 0.00873648 0.0413646 0.0450493 0.0745869 0.0622846 0.0627006 0.0613931 0.0827291 0.12552 0.122667 0.0946155 0.0697135 0.0546179 0.0294188 0.0215738 0.0213955 0.0102223 0.00600262
 0 0 0 0 0.00359764 0.0251062 0.0480494 0.140153 0.205849 0.193036 0.1447 0.116669 0.0760912 0.0342217 0.00950174 0.001854 0.000860785 0 0 0 0.000165536 0 0.000143464 0 0 0
 0 0 0 0 0 0 0 0.000145254 0.000435761 0.0275982 0.070085 0.0708112 0.156366 0.174668 0.174014 0.160142 0.0824315 0.0480064 0.0283245 0.00493863 0.00203355 0 0 0 0 0
 0 0 0 0 0 0 0 0 0 0 0 0 0 0 0 0 0 0 0 0 0 0 0 0 0 0
 0 0 1.00437e-05 0.000401748 0.00122533 0.00171747 0.00176769 0.0269171 0.070346 0.194647 0.189555 0.159765 0.064822 0.0314167 0.0384472 0.0292271 0.0345202 0.0313363 0.0194345 0.0106764 0.0143323 0.0359363 0.0279516 0.0138201 0.00172751 0
 0 0.0021121 0.0136068 0.0755702 0.200478 0.177729 0.0527432 0.0373336 0.0318909 0.0142505 0.0149659 0.0166563 0.0217959 0.0798694 0.0677717 0.0528807 0.04013 0.0224614 0.0357745 0.0225083 0.00881397 0.00855152 0.00135912 0.000746735 0 0
 0 0 0 0 5.4009e-05 0.00500934 0.000945158 0.0243581 0.138947 0.33067 0.221406 0.137944 0.0707744 0.0437923 0.0131692 0.00525238 0.0047753 0.00276346 9.45158e-05 9.00151e-06 2.25038e-05 9.00151e-06 4.50075e-06 0 0 0
 0.000866109 0.00284123 0.00948549 0.0512746 0.133035 0.25785 0.225252 0.132002 0.0553304 0.0519788 0.0540692 0.017754 0.00435017 0.00159236 0.00146478 0.000404838 0.000125132 0.000115318 0.000107957 0.000100596 0 0 0 0 0 0
 0 0 0 0 0.00144013 0.00171154 0.00461396 0.0210425 0.0478622 0.0707936 0.0888783 0.103762 0.0637923 0.0337046 0.0602308 0.124433 0.169614 0.0934646 0.0462172 0.0250306 0.0313229 0.00938855 0.002487 0.000210481 0 0
 0 0.00764035 0.051015 0.0998891 0.058973 0.0496711 0.0374665 0.0718981 0.12319 0.153886 0.159021 0.0857701 0.0377988 0.023471 0.0147837 0.00900784 0.00315554 0.000888139 0.00291439 0.00214683 0.00393193 0.00274676 0.000635225 9.99891e-05 0 0
 0 0 0 0 0 0 0 0 0 0 0 0 0 0 0 0 0 0 0 0 0 0 0 0 0 0
 0 0 0 0 0 0 0 0 0 0 0 0 0 0 0 0 0 0 0 0 0 0 0 0 0 0
 0 0 0 0 0 0 0 0 0 0 0 0 0 0 0 0 0 0 0 0 0 0 0 0 0 0
 0 0 0 0 0 0 0 0 0 0 0 0 0 0 0 0 0 0 0 0 0 0 0 0 0 0
 0 0 0 0 0 0 0 0 0 0 0 0 0 0 0 0 0 0 0 0 0 0 0 0 0 0
 0 0 0 0 0 0 0 0 0 0 0 0 0 0 0 0 0 0 0 0 0 0 0 0 0 0
ppred_pel_tallas
 1.12756e-16 4.1319e-05 0.000401635 0.00266901 0.0121329 0.0377501 0.080431 0.117394 0.117405 0.0804866 0.0379383 0.0126836 0.00407742 0.00356245 0.00629643 0.0109999 0.0173653 0.0250013 0.033416 0.0421925 0.050897 0.0587221 0.064285 0.0659865 0.0628194 0.0550455
 1.22983e-16 3.889e-05 0.000378025 0.00251211 0.0114197 0.0355311 0.0757036 0.110497 0.110523 0.0758291 0.0359528 0.0126394 0.00557966 0.00709502 0.0128594 0.0213756 0.0312369 0.0403037 0.0465101 0.0491297 0.0492858 0.0491464 0.0503916 0.0531308 0.055968 0.0569627
 1.18334e-16 5.08795e-05 0.000494567 0.00328657 0.0149403 0.0464849 0.0990416 0.144558 0.144575 0.0991277 0.0467744 0.0157783 0.0053972 0.00512563 0.00891649 0.0148485 0.0218374 0.0284423 0.0332543 0.03571 0.0364287 0.0367062 0.0375629 0.0391035 0.0405834 0.0409713
 1.07204e-16 6.3991e-05 0.000622015 0.00413351 0.0187903 0.0584638 0.124564 0.181807 0.181821 0.124629 0.0586833 0.0194249 0.00572846 0.00411134 0.0067136 0.0110591 0.016074 0.0205411 0.023278 0.0237797 0.022522 0.0206106 0.0190548 0.0182339 0.0178756 0.0174154
 1.04711e-16 5.75502e-05 0.000559408 0.00371746 0.0168991 0.0525794 0.112027 0.163511 0.163534 0.112137 0.0529509 0.0179723 0.00641223 0.00644497 0.0112439 0.0185207 0.0267307 0.0337385 0.0374107 0.0367773 0.0326063 0.0268649 0.0215133 0.0175723 0.0150054 0.0132138
 1.03177e-16 6.5306e-05 0.000634797 0.00421845 0.0191765 0.0596652 0.127124 0.185544 0.185558 0.127192 0.0598953 0.0198417 0.00589038 0.00429193 0.00703232 0.0115786 0.0168045 0.0214075 0.0240995 0.0242787 0.0223596 0.0194354 0.0165622 0.0142386 0.0123927 0.0107138
 1.0528e-16 4.45629e-05 0.000433167 0.00287855 0.0130855 0.040714 0.0867468 0.126617 0.126652 0.0869186 0.041291 0.0147523 0.0070638 0.00957409 0.0174182 0.0287605 0.0415103 0.0523799 0.0580441 0.0569712 0.0503189 0.0411057 0.0323548 0.0256649 0.021041 0.017659
 1.10689e-16 4.21306e-05 0.000409524 0.00272143 0.0123713 0.0384917 0.0820116 0.119704 0.11973 0.0821383 0.0389177 0.0136046 0.0058283 0.00722801 0.0130979 0.021865 0.032144 0.0417859 0.0485923 0.0515073 0.0511248 0.049025 0.0465316 0.0439496 0.0407672 0.0364112
 1.1317e-16 4.96891e-05 0.000482996 0.00320968 0.0145908 0.0453974 0.0967246 0.141176 0.141196 0.0968211 0.0457217 0.0155296 0.00557361 0.0056681 0.00997059 0.0166005 0.0243772 0.0316632 0.0368359 0.0392012 0.0393738 0.0387217 0.0383291 0.0383235 0.0379986 0.0364629
 1.07604e-16 6.23509e-05 0.000606073 0.00402757 0.0183088 0.0569654 0.121371 0.177148 0.177162 0.121441 0.0571994 0.0189854 0.0057288 0.00432942 0.00716229 0.0118188 0.0172047 0.0220383 0.0250686 0.0257561 0.0245895 0.0227113 0.021152 0.020278 0.0197868 0.0190976
 1.02611e-16 6.97847e-05 0.000678333 0.00450776 0.0204916 0.0637571 0.135842 0.198267 0.198278 0.135896 0.0639409 0.0210225 0.00584097 0.00359075 0.00560703 0.00917534 0.0132499 0.0167476 0.0186173 0.0183838 0.0164259 0.0137079 0.0111831 0.00933574 0.00812873 0.00725426
 1.01825e-16 6.40994e-05 0.000623069 0.00414051 0.0188222 0.0585629 0.124775 0.182117 0.182135 0.124864 0.0588601 0.0196808 0.00629564 0.00532747 0.00899783 0.0147717 0.021268 0.0267342 0.0294284 0.0285459 0.024693 0.0194685 0.0145037 0.0107085 0.00815679 0.00645658
 1.02563e-16 6.00736e-05 0.000583937 0.00388047 0.01764 0.0548848 0.116939 0.17068 0.1707 0.117038 0.0552197 0.0186075 0.00631051 0.00589371 0.0101588 0.0167369 0.0241912 0.0306003 0.0340387 0.0336031 0.029923 0.0246852 0.0195783 0.0154964 0.0124652 0.010085
 1.04031e-16 5.63021e-05 0.000547277 0.00363685 0.0165326 0.0514391 0.109597 0.159965 0.159988 0.109707 0.0518066 0.0175947 0.00630549 0.00638176 0.011163 0.0184333 0.026707 0.0339169 0.0379848 0.03794 0.0344613 0.0293433 0.0243432 0.0203299 0.0172374 0.0145823
 1.03629e-16 6.41344e-05 0.000623409 0.00414277 0.0188325 0.0585948 0.124843 0.182215 0.18223 0.124915 0.0588369 0.0195322 0.00590151 0.00447068 0.00739417 0.0121839 0.0176896 0.0225497 0.0254166 0.0256657 0.0237393 0.0207877 0.0179109 0.015611 0.0137816 0.0120678
 1.00656e-16 7.80962e-05 0.000759123 0.00504464 0.0229322 0.0713506 0.15202 0.221879 0.221883 0.152039 0.0714148 0.0231176 0.00551018 0.00177603 0.00201127 0.00320642 0.0046232 0.00583889 0.00648067 0.0063789 0.00566202 0.00466382 0.00371705 0.00299532 0.0024954 0.00212333
 1.01572e-16 3.5526e-05 0.000345326 0.00229481 0.0104319 0.0324578 0.0691568 0.100947 0.100999 0.0694104 0.0333092 0.0128898 0.00846019 0.0137901 0.0255275 0.0420354 0.0602906 0.0752702 0.0818787 0.0777672 0.0647608 0.0476901 0.0315981 0.0194687 0.0117679 0.00741646
 1.01565e-16 7.55768e-05 0.000734634 0.0048819 0.0221924 0.0690488 0.147116 0.214721 0.214724 0.147133 0.0691066 0.02236 0.00530561 0.00166921 0.00187861 0.00305913 0.00456879 0.00609631 0.00736628 0.00823029 0.00871212 0.00891705 0.00889234 0.00857537 0.00786979 0.00676488
 1.02118e-16 5.36436e-05 0.000521435 0.00346512 0.015752 0.0490103 0.104423 0.152415 0.152445 0.104573 0.0495156 0.0172108 0.00712475 0.00850269 0.0151889 0.0249669 0.0358252 0.0447712 0.0488006 0.0465452 0.0391111 0.0293708 0.0202922 0.0135836 0.00943097 0.0071007
 1.04406e-16 5.50487e-05 0.000535093 0.00355588 0.0161645 0.050294 0.107157 0.156404 0.156425 0.10726 0.0506394 0.0171636 0.00606901 0.00603935 0.0105614 0.0175101 0.025536 0.0327691 0.0373118 0.0382419 0.036082 0.0322983 0.0282765 0.024627 0.0212372 0.0177866
 1.04184e-16 6.37061e-05 0.000619246 0.00411511 0.0187067 0.0582035 0.124009 0.180998 0.181013 0.124081 0.0584448 0.0194043 0.00586858 0.00445527 0.00737331 0.012153 0.0176533 0.0225246 0.0254354 0.0257783 0.0240084 0.0212771 0.0186672 0.0166425 0.0150431 0.0134606
 1.03026e-16 6.42648e-05 0.000624677 0.0041512 0.0188707 0.058714 0.125097 0.182586 0.182603 0.125177 0.0589836 0.0196498 0.00610753 0.00489819 0.00818884 0.0134584 0.0194344 0.0245536 0.0272685 0.0268703 0.0239017 0.0197664 0.0158606 0.0129073 0.010883 0.00938014
 1.07015e-16 3.03935e-05 0.000295436 0.00196328 0.0089248 0.0277686 0.0591657 0.0863641 0.0864117 0.0593984 0.0285501 0.0111827 0.00763393 0.0126841 0.0235869 0.0390194 0.056378 0.0712571 0.0791684 0.0780245 0.0693414 0.0571215 0.0453668 0.0361867 0.0296005 0.0245755
 1.06634e-16 6.42771e-05 0.000624796 0.00415199 0.0188743 0.0587251 0.12512 0.182619 0.182627 0.12516 0.0588571 0.0192575 0.00512135 0.0027664 0.0042065 0.00704876 0.0106076 0.0143044 0.0175744 0.0201335 0.0220643 0.0235819 0.0246972 0.0251032 0.0243812 0.0223291
 1.05978e-16 5.56377e-05 0.000540818 0.00359393 0.0163375 0.0508321 0.108304 0.158078 0.158103 0.108424 0.051233 0.0174953 0.00650019 0.0068854 0.0121064 0.0199314 0.0287249 0.0361761 0.0399873 0.0391452 0.0345468 0.028402 0.0228931 0.0191229 0.0169643 0.0156173
 1.09013e-16 4.02539e-05 0.000391283 0.00260021 0.0118202 0.0367772 0.078359 0.114374 0.114408 0.0785227 0.037327 0.0134098 0.00659642 0.00913569 0.0167081 0.027717 0.0402951 0.0514512 0.0581413 0.0589385 0.054815 0.0483318 0.0419385 0.0367541 0.0325571 0.0285903
 1.06528e-16 6.39069e-05 0.000621198 0.00412808 0.0187657 0.058387 0.1244 0.181568 0.181578 0.124452 0.0585628 0.0192748 0.00541143 0.0034402 0.00546929 0.00907667 0.0133902 0.0175189 0.0205947 0.0222213 0.0226642 0.0225563 0.0223717 0.0221142 0.0214263 0.0199429
 1.04676e-16 6.01289e-05 0.000584474 0.00388404 0.0176563 0.0549354 0.117046 0.170837 0.170857 0.117145 0.0552672 0.0186147 0.0062902 0.00583864 0.0100435 0.0165224 0.0238309 0.0300516 0.0332825 0.0326731 0.0289385 0.0238705 0.0192438 0.0159637 0.0139539 0.0126092
 1.08844e-16 3.16443e-05 0.000307594 0.00204407 0.00929207 0.0289113 0.0616002 0.0899164 0.0899599 0.0618127 0.0296252 0.0113554 0.00722831 0.0116417 0.0216065 0.0357992 0.0518696 0.0658619 0.0737426 0.0736298 0.0668548 0.0569276 0.0472924 0.0396643 0.0339225 0.0291022
 1.1678e-16 3.94559e-05 0.000383525 0.00254866 0.0115859 0.036048 0.0768048 0.112103 0.112123 0.0769012 0.0363725 0.0125276 0.00492923 0.00563614 0.0101796 0.0171985 0.0257869 0.0345689 0.0421316 0.0477981 0.0518702 0.0550479 0.0575499 0.0587502 0.0576159 0.0534996
pSPR Fmed_Fpbrs
0.64298   0.210115 0.210115
Fs Fmed_Fpbrs
0.236997   1.005 1.005
SSBpbr Bo_Bmed_Bpbrs
1.94573e+06  1.15378e+06  311539 311539
Ro
174598
SPR SPRFo_SPRFmed_SPRFpbrs
1.24286e+06 799132 261142
Fref
1.005
log_Ro
11.8902
likeval ReclasPelacesDesembMPH_pf_preclas_ppelaces_ptallas_desvR_qrecl_qpela
 13.442 16.9389 0.0568388 0.00279815 228.704 105.278 76.8147 0 23.9353 1.1043e-06 0 0.290975 0 0 0
q_reclas_q_pelaces
0.861646 1
M
1
N
 198157 45145.6 147085 8887.41 0.283322
 112189 65559.3 14556.6 47425.4 2865.71
 111598 34016.4 18967 4211.36 14549.7
 180163 33992 9897.24 5518.52 5458.62
 144532 49536.6 8708.72 2535.67 2812.34
 253249 48126.7 16100.7 2830.57 1738.25
 104514 76777.4 13921.4 4657.4 1321.6
 47374 25024 16563.6 3003.35 1289.89
 45741.7 16263.1 8447.56 5591.52 1449.3
 61706.9 12872.2 4288.5 2227.58 1856.63
 115244 16045.9 3076.94 1025.12 976.283
 150599 39087.8 5336.12 1023.25 665.573
 125255 38811.8 9240.13 1261.43 399.227
 87071.1 33022.2 9437.58 2246.85 403.809
 86653.5 18326.4 6069.64 1734.67 487.204
 477301 21713.2 4183.55 1385.58 507.21
 98983.4 128902 5440.21 1048.19 474.236
 735758 29829.3 37010.1 1561.98 437.114
 425648 221600 8558.49 10618.8 573.571
 345376 117859 57271.3 2211.9 2892.6
 485030 99015.6 31804.9 15455 1377.48
 643066 147450 28739.7 9231.5 4885.7
 134540 185231 40024 7801.11 3831.98
 400341 42819.4 56915.8 12298.2 3574.5
 336620 129671 13447.4 17874.4 4984.8
 150593 108873 40649.4 4215.49 7165.89
 343935 49905.8 35177.2 13133.9 3677.35
 380549 111643 15715.2 11077.2 5293.81
 105483 126182 36097 5081.08 5293.13
 80977.6 34984.1 40809.4 11674.4 3355.2
pred_Ctot
 12719.4 3563.34 11609.4 701.482 0.0223626
 12665.2 9025.65 2004.03 6529.13 394.527
 12323.9 4582.97 2555.38 567.388 1960.26
 29455.7 6717.19 1955.8 1090.52 1078.68
 8737.18 3684.59 647.765 188.606 209.185
 28606.2 6629.44 2217.87 389.91 239.443
 23882.4 20953.4 3799.31 1271.05 360.68
 2012.79 1312.1 868.489 157.476 67.6332
 6946.02 2991.16 1553.7 1028.41 266.56
 11761.2 2950.82 983.101 510.652 425.615
 5722.1 982.059 188.318 62.7403 59.7515
 29341.7 9152.54 1249.47 239.597 155.846
 23050.2 8600.77 2047.63 279.535 88.4694
 24631.8 11040.8 3155.41 751.225 135.012
 18018.1 4568.64 1513.12 432.441 121.456
 82261.7 4515.89 870.093 288.171 105.489
 11499.8 18252.5 770.332 148.423 67.1517
 85703.1 4234.64 5254.04 221.743 62.0538
 68101.6 42880.2 1656.09 2054.76 110.988
 49170.8 20357.2 9892.23 382.051 499.627
 54070.4 13464.3 4324.87 2101.59 187.312
 89991.7 25045 4881.55 1568 829.854
 11606.4 19576.1 4229.93 824.459 404.982
 30567.7 4012.08 5332.88 1152.31 334.922
 25981.7 12280.2 1273.5 1692.75 472.074
 9521.46 8465.92 3160.88 327.794 557.216
 25836.7 4601.47 3243.44 1210.99 339.063
 23939.2 8637.94 1215.89 857.049 409.586
 6621.33 9741.94 2786.89 392.288 408.659
 7339.44 3881.61 4527.95 1295.32 372.272
F
 0.106103 0.13185 0.13185 0.13185 0.13185
 0.19334 0.240257 0.240257 0.240257 0.240257
 0.188779 0.234588 0.234588 0.234588 0.234588
 0.291149 0.361799 0.361799 0.361799 0.361799
 0.0996622 0.123847 0.123847 0.123847 0.123847
 0.193462 0.240408 0.240408 0.240408 0.240408
 0.429482 0.533702 0.533702 0.533702 0.533702
 0.0691726 0.0859582 0.0859582 0.0859582 0.0859582
 0.267943 0.332963 0.332963 0.332963 0.332963
 0.346941 0.43113 0.43113 0.43113 0.43113
 0.0812406 0.100955 0.100955 0.100955 0.100955
 0.355893 0.442255 0.442255 0.442255 0.442255
 0.333177 0.414026 0.414026 0.414026 0.414026
 0.558382 0.69388 0.69388 0.69388 0.69388
 0.384 0.477182 0.477182 0.477182 0.477182
 0.309095 0.3841 0.3841 0.3841 0.3841
 0.199461 0.247863 0.247863 0.247863 0.247863
 0.200028 0.248568 0.248568 0.248568 0.248568
 0.284126 0.353073 0.353073 0.353073 0.353073
 0.249357 0.309867 0.309867 0.309867 0.309867
 0.190718 0.236999 0.236999 0.236999 0.236999
 0.244646 0.304013 0.304013 0.304013 0.304013
 0.144873 0.180028 0.180028 0.180028 0.180028
 0.127312 0.158205 0.158205 0.158205 0.158205
 0.128772 0.16002 0.16002 0.16002 0.16002
 0.104442 0.129786 0.129786 0.129786 0.129786
 0.125144 0.155512 0.155512 0.155512 0.155512
 0.103891 0.129101 0.129101 0.129101 0.129101
 0.103656 0.12881 0.12881 0.12881 0.12881
 0.152693 0.189746 0.189746 0.189746 0.189746
nmprior
 8 8 7 0
nm_flota  nm_reclas  nm_pelaces    nm_pelaL
inf 12.2098 15.9412 27.7348
cv_recla  cv_pelaces  cv_mph
0.339436 0.484292 1.63245
 ------------------------------------------------
Talla a la edad & desviación 
 8 13.2811 15.8009 17.003 17.5766
 0.8 1.32811 1.58009 1.7003 1.75766
